Existing Posn.,Symbol,Description,Date,Time,Strike Price,Call/Put,Exp.Date,Mid IV,Th.Price,Bid,Asked,Percent O/U,Volume,Open Interest,Delta,Gamma,Vega,Theta,Rho,Prob.Finish.ITM,Last
,RUT,RUT Index,140416,16:00:00,, ,,,,,,,,,1,0,,,,,1131.9
,RUT 14P890,Apr 890 Puts,140416,16:00:00,890,P,140418,,0.78,,0.05,,,203,0,0.001,3.378,-74.408,-0.104,0,-1
,RUT 14Q890,May 890 Puts,140416,16:00:00,890,P,140516,0.349,0.29,0.2,0.35,-0.034,121,139,-0.726,0.018,6.807,-3.687,-0.725,0,0.3
,RUT 14R890,Jun 890 Puts,140416,16:00:00,890,P,140620,0.317,2.09,1.8,2.2,-0.033,1,355,-3.217,0.049,35.473,-8.372,-7.046,0.006,2.35
,RUT 14S890,Jul 890 Puts,140416,16:00:00,890,P,140718,0.302,4.08,3.4,4.5,-0.032,,1,-5.117,0.063,61.44,-9.751,-16.145,0.017,-1
,RUT 14T890,Aug 890 Puts,140416,16:00:00,890,P,140815,0.293,6.21,5.7,6.6,-0.01,,,-6.957,0.075,86.499,-10.356,-27.798,0.033,-1
,RUT 14U890,Sep 890 Puts,140416,16:00:00,890,P,140919,0.284,9.92,8.6,9.6,-0.083,,25,-8.81,0.078,121.49,-10.577,-48.253,0.053,-1
,RUT 14X890,Dec 890 Puts,140416,16:00:00,890,P,141219,0.274,18.06,16.7,18,-0.039,,27,-12.577,0.086,193.162,-10.396,-108.886,0.101,-1
,RUT 14P900,Apr 900 Puts,140416,16:00:00,900,P,140418,,0.76,,0.05,,,1650,0,0.001,3.415,-71.906,-0.105,0,-1
,RUT 14Q900,May 900 Puts,140416,16:00:00,900,P,140516,0.341,0.35,0.25,0.4,-0.057,134,666,-0.869,0.021,7.966,-4.164,-0.867,0,0.35
,RUT 14R900,Jun 900 Puts,140416,16:00:00,900,P,140620,0.312,2.36,2.05,2.55,-0.025,3,1167,-3.636,0.055,39.185,-9.165,-7.957,0.008,2.35
,RUT 14S900,Jul 900 Puts,140416,16:00:00,900,P,140718,0.296,4.53,3.9,4.7,-0.051,,,-5.671,0.069,66.59,-10.245,-17.884,0.022,-1
,RUT 14T900,Aug 900 Puts,140416,16:00:00,900,P,140815,0.288,6.82,6.2,7.3,-0.01,,5,-7.624,0.082,92.78,-10.902,-30.473,0.04,-1
,RUT 14U900,Sep 900 Puts,140416,16:00:00,900,P,140919,0.281,10.68,9.5,10.4,-0.068,,136,-9.502,0.084,128.358,-11.123,-52.003,0.062,-1
,RUT 14X900,Dec 900 Puts,140416,16:00:00,900,P,141219,0.271,19.23,18,19.3,-0.03,,1740,-13.377,0.091,201.521,-10.752,-115.818,0.113,-1
,RUT 14P910,Apr 910 Puts,140416,16:00:00,910,P,140418,,0.73,,0.05,,,368,0,0.001,3.454,-69.404,-0.106,0,-1
,RUT 14Q910,May 910 Puts,140416,16:00:00,910,P,140516,0.34,0.42,0.4,0.5,0.071,157,244,-1.042,0.026,9.323,-5.346,-1.038,0,0.45
,RUT 14R910,Jun 910 Puts,140416,16:00:00,910,P,140620,0.309,2.66,2.15,3.2,0.011,5,308,-4.109,0.062,43.247,-10.206,-8.986,0.011,3.04
,RUT 14S910,Jul 910 Puts,140416,16:00:00,910,P,140718,0.293,5.02,4.4,5.4,-0.024,,6,-6.283,0.076,72.097,-11.173,-19.806,0.028,-1
,RUT 14T910,Aug 910 Puts,140416,16:00:00,910,P,140815,0.285,7.49,6.9,8,-0.005,,,-8.35,0.089,99.398,-11.576,-33.392,0.047,-1
,RUT 14U910,Sep 910 Puts,140416,16:00:00,910,P,140919,0.278,11.51,10.4,11.3,-0.057,,56,-10.246,0.09,135.505,-11.681,-56.039,0.072,-1
,RUT 14X910,Dec 910 Puts,140416,16:00:00,910,P,141219,0.268,20.48,19.3,20.6,-0.026,,44,-14.224,0.096,210.053,-11.107,-123.152,0.125,-1
,RUT 14D920,Apr 920 Calls,140416,16:00:00,920,C,140418,,211.95,206.5,216.1,-0.003,,54,99.987,0,1.159,-13.478,5.007,1,-1
,RUT 14E920,May 920 Calls,140416,16:00:00,920,C,140516,,210.98,208.2,211.2,-0.006,,,98.777,0.027,10.334,-5.188,74.399,0.999,-1
,RUT 14F920,Jun 920 Calls,140416,16:00:00,920,C,140620,,211.57,208.5,211.6,-0.007,,16,95.781,0.061,43.652,-9.684,154.651,0.985,-1
,RUT 14G920,Jul 920 Calls,140416,16:00:00,920,C,140718,,212.38,209.9,212.9,-0.005,,,93.705,0.076,70.232,-10.414,215.154,0.965,-1
,RUT 14H920,Aug 920 Calls,140416,16:00:00,920,C,140815,,214.15,211.5,214.4,-0.006,,,91.289,0.09,101.029,-11.501,270.636,0.943,-1
,RUT 14I920,Sep 920 Calls,140416,16:00:00,920,C,140919,,215.63,211.3,217.3,-0.006,,14,88.944,0.102,131.3,-11.263,339.414,0.918,-1
,RUT 14L920,Dec 920 Calls,140416,16:00:00,920,C,141219,0.244,220.57,214.3,225.9,-0.002,,10,84.351,0.111,204.048,-10.614,504.085,0.863,-1
,RUT 14P920,Apr 920 Puts,140416,16:00:00,920,P,140418,,0.7,,0.05,,,318,0,0.001,3.495,-66.901,-0.108,0,-1
,RUT 14Q920,May 920 Puts,140416,16:00:00,920,P,140516,0.333,0.5,0.5,0.55,0.06,106,318,-1.25,0.031,10.91,-6.082,-1.245,0.001,0.6
,RUT 14R920,Jun 920 Puts,140416,16:00:00,920,P,140620,0.302,3.01,2.65,3.2,-0.017,13,574,-4.643,0.069,47.68,-10.873,-10.149,0.015,3.6
,RUT 14S920,Jul 920 Puts,140416,16:00:00,920,P,140718,0.288,5.57,4.8,6,-0.031,,7,-6.96,0.084,77.97,-11.845,-21.929,0.035,-1
,RUT 14T920,Aug 920 Puts,140416,16:00:00,920,P,140815,0.28,8.23,7.6,8.7,-0.01,,,-9.141,0.096,106.354,-12.159,-36.574,0.057,-1
,RUT 14U920,Sep 920 Puts,140416,16:00:00,920,P,140919,0.274,12.41,11.3,12.4,-0.045,,203,-11.048,0.097,142.925,-12.25,-60.38,0.082,-1
,RUT 14X920,Dec 920 Puts,140416,16:00:00,920,P,141219,0.263,21.8,19.9,22.2,-0.034,,133,-15.118,0.102,218.74,-11.342,-130.904,0.137,-1
,RUT 14D930,Apr 930 Calls,140416,16:00:00,930,C,140418,,201.94,196.8,204.2,-0.007,,15,99.985,0,1.195,-13.273,5.061,1,-1
,RUT 14E930,May 930 Calls,140416,16:00:00,930,C,140516,,201.06,198.3,201.2,-0.007,,,98.559,0.032,12.048,-5.959,74.992,0.999,-1
,RUT 14F930,Jun 930 Calls,140416,16:00:00,930,C,140620,,201.91,199.3,202.4,-0.005,,43,95.251,0.069,48.2,-10.507,155.238,0.981,-1
,RUT 14G930,Jul 930 Calls,140416,16:00:00,930,C,140718,,202.9,200.1,203.1,-0.006,,,93.02,0.085,76.356,-11.137,215.521,0.957,-1
,RUT 14H930,Aug 930 Calls,140416,16:00:00,930,C,140815,,204.89,201.9,204.8,-0.008,,,90.483,0.098,108.225,-12.127,270.638,0.933,-1
,RUT 14I930,Sep 930 Calls,140416,16:00:00,930,C,140919,,206.59,203.1,208.7,-0.003,,,88.017,0.109,139.65,-11.809,338.901,0.906,-1
,RUT 14L930,Dec 930 Calls,140416,16:00:00,930,C,141219,0.242,212,209.2,214,-0.002,,25,83.302,0.117,213.961,-11.037,502.233,0.849,-1
,RUT 14P930,Apr 930 Puts,140416,16:00:00,930,P,140418,,0.68,,0.05,,,649,0,0.001,3.538,-64.4,-0.109,0,-1
,RUT 14Q930,May 930 Puts,140416,16:00:00,930,P,140516,0.327,0.6,0.6,0.7,0.083,81,333,-1.502,0.037,12.764,-7.093,-1.494,0.001,0.7
,RUT 14R930,Jun 930 Puts,140416,16:00:00,930,P,140620,0.297,3.41,2.85,3.9,-0.009,,401,-5.246,0.078,52.507,-11.851,-11.461,0.019,-1
,RUT 14S930,Jul 930 Puts,140416,16:00:00,930,P,140718,0.285,6.18,5.6,6.6,-0.013,,14,-7.707,0.092,84.217,-12.732,-24.273,0.043,-1
,RUT 14T930,Aug 930 Puts,140416,16:00:00,930,P,140815,0.276,9.04,8.5,9.5,-0.004,,,-10.002,0.104,113.64,-12.871,-40.038,0.067,-1
,RUT 14U930,Sep 930 Puts,140416,16:00:00,930,P,140919,0.271,13.37,12.4,13.5,-0.031,,136,-11.91,0.104,150.609,-12.826,-65.048,0.094,-1
,RUT 14X930,Dec 930 Puts,140416,16:00:00,930,P,141219,0.262,23.21,22.3,23.7,-0.009,,141,-16.143,0.115,227.572,-11.853,-139.106,0.151,-1
,RUT 14D940,Apr 940 Calls,140416,16:00:00,940,C,140418,,191.94,186.8,194.3,-0.007,,33,99.983,0,1.234,-13.08,5.115,1,-1
,RUT 14E940,May 940 Calls,140416,16:00:00,940,C,140516,,191.17,188.4,191.6,-0.006,,,98.294,0.038,14.049,-6.841,75.539,0.998,-1
,RUT 14F940,Jun 940 Calls,140416,16:00:00,940,C,140620,,192.29,189.7,192.8,-0.005,,25,94.649,0.078,53.17,-11.388,155.665,0.975,-1
,RUT 14G940,Jul 940 Calls,140416,16:00:00,940,C,140718,,193.49,191.3,194.2,-0.004,,,92.257,0.094,82.902,-11.894,215.644,0.948,-1
,RUT 14H940,Aug 940 Calls,140416,16:00:00,940,C,140815,,195.7,193,195.8,-0.007,,,89.604,0.106,115.778,-12.77,270.334,0.922,-1
,RUT 14I940,Sep 940 Calls,140416,16:00:00,940,C,140919,,197.62,194,199.2,-0.005,,,87.018,0.117,148.296,-12.363,338.006,0.893,-1
,RUT 14L940,Dec 940 Calls,140416,16:00:00,940,C,141219,0.24,203.53,201.1,205.6,-0.001,,10,82.194,0.123,224.003,-11.498,499.87,0.835,-1
,RUT 14P940,Apr 940 Puts,140416,16:00:00,940,P,140418,,0.65,,0.05,,,490,0,0.001,3.583,-61.9,-0.111,0,-1
,RUT 14Q940,May 940 Puts,140416,16:00:00,940,P,140516,0.316,0.72,0.65,0.8,0,195,675,-1.806,0.044,14.926,-7.615,-1.795,0.002,0.7
,RUT 14R940,Jun 940 Puts,140416,16:00:00,940,P,140620,0.291,3.86,3.3,4.2,-0.023,92,785,-5.926,0.087,57.746,-12.681,-12.939,0.025,4.1
,RUT 14S940,Jul 940 Puts,140416,16:00:00,940,P,140718,0.28,6.86,6.2,7.3,-0.016,,37,-8.53,0.101,90.839,-13.526,-26.857,0.052,-1
,RUT 14T940,Aug 940 Puts,140416,16:00:00,940,P,140815,0.273,9.93,9.4,10.4,-0.003,,2,-10.937,0.113,121.248,-13.6,-43.807,0.078,-1
,RUT 14U940,Sep 940 Puts,140416,16:00:00,940,P,140919,0.268,14.42,13.6,14.7,-0.019,,99,-12.836,0.111,158.542,-13.459,-70.062,0.107,-1
,RUT 14X940,Dec 940 Puts,140416,16:00:00,940,P,141219,0.26,24.72,24,25.4,-0.001,,56,-17.245,0.122,236.542,-12.244,-147.797,0.165,-1
,RUT 14D950,Apr 950 Calls,140416,16:00:00,950,C,140418,,181.94,176.8,184.4,-0.007,,28,99.98,0.001,1.277,-12.901,5.168,1,-1
,RUT 14E950,May 950 Calls,140416,16:00:00,950,C,140516,,181.3,178.6,181.6,-0.007,,54,97.974,0.046,16.38,-7.846,76.029,0.997,-1
,RUT 14F950,Jun 950 Calls,140416,16:00:00,950,C,140620,,182.73,179.8,182.8,-0.008,,49,93.965,0.087,58.586,-12.326,155.913,0.967,-1
,RUT 14G950,Jul 950 Calls,140416,16:00:00,950,C,140718,,184.15,182.1,185,-0.003,,,91.41,0.103,89.875,-12.683,215.501,0.937,-1
,RUT 14H950,Aug 950 Calls,140416,16:00:00,950,C,140815,,186.59,184.4,187.1,-0.005,,,88.644,0.115,123.678,-13.426,269.7,0.909,-1
,RUT 14I950,Sep 950 Calls,140416,16:00:00,950,C,140919,0.245,188.76,185.4,190.4,-0.005,,2,85.942,0.126,157.215,-12.351,336.704,0.879,-1
,RUT 14L950,Dec 950 Calls,140416,16:00:00,950,C,141219,0.238,195.16,193,197,-0.001,,645,81.026,0.129,234.137,-11.914,496.98,0.82,-1
,RUT 14P950,Apr 950 Puts,140416,16:00:00,950,P,140418,,0.63,,0.05,,,980,0,0.001,3.632,-59.402,-0.112,0,-1
,RUT 14Q950,May 950 Puts,140416,16:00:00,950,P,140516,0.309,0.87,0.8,0.9,-0.023,307,1238,-2.173,0.053,17.439,-8.598,-2.158,0.003,0.9
,RUT 14R950,Jun 950 Puts,140416,16:00:00,950,P,140620,0.288,4.37,4,4.8,0.007,122,1448,-6.693,0.098,63.412,-13.998,-14.605,0.033,4.31
,RUT 14S950,Jul 950 Puts,140416,16:00:00,950,P,140718,0.276,7.61,7.1,8,-0.008,,56,-9.438,0.111,97.835,-14.413,-29.704,0.063,-1
,RUT 14T950,Aug 950 Puts,140416,16:00:00,950,P,140815,0.268,10.9,10.4,11.3,-0.005,,2,-11.952,0.122,129.163,-14.224,-47.9,0.091,-1
,RUT 14U950,Sep 950 Puts,140416,16:00:00,950,P,140919,0.264,15.55,14.9,15.7,-0.016,,874,-13.83,0.118,166.709,-13.94,-75.446,0.121,-1
,RUT 14X950,Dec 950 Puts,140416,16:00:00,950,P,141219,0.257,26.34,25.7,27.1,0.002,,1485,-18.409,0.128,245.619,-12.552,-156.997,0.18,-1
,RUT 14D960,Apr 960 Calls,140416,16:00:00,960,C,140418,,171.94,166.7,174.2,-0.009,,40,99.977,0.001,1.326,-12.737,5.222,1,-1
,RUT 14E960,May 960 Calls,140416,16:00:00,960,C,140516,,171.46,168.8,171.6,-0.007,,,97.586,0.055,19.093,-8.989,76.451,0.995,-1
,RUT 14F960,Jun 960 Calls,140416,16:00:00,960,C,140620,,173.23,170.6,173.4,-0.007,1,16,93.19,0.099,64.467,-13.32,155.959,0.958,171.6
,RUT 14G960,Jul 960 Calls,140416,16:00:00,960,C,140718,,174.88,172.7,175.5,-0.004,,8,90.469,0.114,97.274,-13.5,215.065,0.925,-1
,RUT 14H960,Aug 960 Calls,140416,16:00:00,960,C,140815,,177.56,175.5,178.2,-0.004,,,87.597,0.125,131.908,-14.093,268.711,0.895,-1
,RUT 14I960,Sep 960 Calls,140416,16:00:00,960,C,140919,0.245,179.99,177.2,182.1,-0.002,,,84.786,0.135,166.376,-13.273,334.972,0.863,-1
,RUT 14L960,Dec 960 Calls,140416,16:00:00,960,C,141219,0.236,186.91,185,188.7,0,,35,79.797,0.136,244.322,-12.323,493.546,0.805,-1
,RUT 14P960,Apr 960 Puts,140416,16:00:00,960,P,140418,,0.6,,1.8,2,,719,0,0.001,3.685,-56.908,-0.114,0,-1
,RUT 14Q960,May 960 Puts,140416,16:00:00,960,P,140516,0.303,1.05,1,1.1,0,229,1248,-2.617,0.063,20.354,-10.008,-2.596,0.005,1.05
,RUT 14R960,Jun 960 Puts,140416,16:00:00,960,P,140620,0.283,4.95,4.5,5.5,0.01,116,1992,-7.556,0.109,69.518,-15.087,-16.479,0.042,5.05
,RUT 14S960,Jul 960 Puts,140416,16:00:00,960,P,140718,0.271,8.44,7.8,8.8,-0.014,3,43,-10.436,0.121,105.196,-15.192,-32.836,0.075,8.72
,RUT 14T960,Aug 960 Puts,140416,16:00:00,960,P,140815,0.265,11.97,11.5,12.5,0.003,,,-13.051,0.131,137.364,-14.974,-52.342,0.105,-1
,RUT 14U960,Sep 960 Puts,140416,16:00:00,960,P,140919,0.261,16.77,16.2,17.1,-0.007,,128,-14.899,0.128,175.085,-14.523,-81.222,0.137,-1
,RUT 14X960,Dec 960 Puts,140416,16:00:00,960,P,141219,0.254,28.07,27.6,28.9,0.006,,135,-19.639,0.135,254.764,-12.896,-166.72,0.195,-1
,RUT 14D970,Apr 970 Calls,140416,16:00:00,970,C,140418,,161.94,156.7,164.2,-0.009,,29,99.974,0.001,1.382,-12.594,5.275,1,-1
,RUT 14E970,May 970 Calls,140416,16:00:00,970,C,140516,,161.65,159,162,-0.007,,27,97.117,0.066,22.24,-10.285,76.788,0.992,-1
,RUT 14F970,Jun 970 Calls,140416,16:00:00,970,C,140620,,163.8,161.1,164,-0.008,,54,92.311,0.111,70.829,-14.37,155.776,0.947,-1
,RUT 14G970,Jul 970 Calls,140416,16:00:00,970,C,140718,,165.71,164,166.8,-0.002,,,89.427,0.126,105.09,-14.342,214.309,0.911,-1
,RUT 14H970,Aug 970 Calls,140416,16:00:00,970,C,140815,0.248,168.64,166.8,169.4,-0.003,,,86.458,0.135,140.444,-14.289,267.342,0.879,-1
,RUT 14I970,Sep 970 Calls,140416,16:00:00,970,C,140919,0.242,171.33,168.8,173.3,-0.002,,21,83.545,0.144,175.744,-13.883,332.788,0.847,-1
,RUT 14L970,Dec 970 Calls,140416,16:00:00,970,C,141219,0.234,178.77,176.7,180.6,-0.001,,5,78.505,0.142,254.511,-12.642,489.554,0.789,-1
,RUT 14P970,Apr 970 Puts,140416,16:00:00,970,P,140418,,0.57,,0.05,,,651,0,0.001,3.742,-54.419,-0.116,0,-1
,RUT 14Q970,May 970 Puts,140416,16:00:00,970,P,140516,0.294,1.26,1.15,1.25,-0.048,861,1872,-3.152,0.075,23.722,-11.034,-3.124,0.008,1.25
,RUT 14R970,Jun 970 Puts,140416,16:00:00,970,P,140620,0.277,5.61,5.1,6.1,0,90,752,-8.525,0.122,76.067,-16.149,-18.584,0.053,5.75
,RUT 14S970,Jul 970 Puts,140416,16:00:00,970,P,140718,0.267,9.37,8.8,9.8,-0.005,8,17,-11.533,0.132,112.908,-16.123,-36.277,0.089,9.62
,RUT 14T970,Aug 970 Puts,140416,16:00:00,970,P,140815,0.261,13.13,12.7,13.6,0.002,,,-14.241,0.141,145.822,-15.669,-57.153,0.121,-1
,RUT 14U970,Sep 970 Puts,140416,16:00:00,970,P,140919,0.258,18.1,17.7,18.6,0.006,10,4633,-16.165,0.148,183.661,-15.106,-87.429,0.153,19.32
,RUT 14X970,Dec 970 Puts,140416,16:00:00,970,P,141219,0.252,29.92,29.5,30.9,0.009,,322,-20.935,0.142,263.937,-13.232,-176.983,0.211,-1
,RUT 14D980,Apr 980 Calls,140416,16:00:00,980,C,140418,,151.94,146.7,154.2,-0.01,,90,99.969,0.001,1.445,-12.474,5.328,1,-1
,RUT 14E980,May 980 Calls,140416,16:00:00,980,C,140516,,151.88,149.3,152.4,-0.007,,14,96.547,0.079,25.878,-11.749,77.025,0.987,-1
,RUT 14F980,Jun 980 Calls,140416,16:00:00,980,C,140620,,154.45,152.4,155.2,-0.005,1,53,91.316,0.124,77.68,-15.472,155.339,0.934,149.8
,RUT 14G980,Jul 980 Calls,140416,16:00:00,980,C,140718,,156.63,154.9,157.5,-0.004,16,25,88.274,0.138,113.306,-15.205,213.203,0.895,152.5
,RUT 14H980,Aug 980 Calls,140416,16:00:00,980,C,140815,0.245,159.82,158.1,160.7,-0.003,,,85.221,0.146,149.254,-15.083,265.564,0.862,-1
,RUT 14I980,Sep 980 Calls,140416,16:00:00,980,C,140919,0.241,162.78,160.5,165,0,,10,82.215,0.153,185.272,-14.594,330.127,0.83,-1
,RUT 14L980,Dec 980 Calls,140416,16:00:00,980,C,141219,0.233,170.76,169.1,173,0.002,,119,77.15,0.149,264.655,-13.11,484.991,0.772,-1
,RUT 14P980,Apr 980 Puts,140416,16:00:00,980,P,140418,,0.55,,0.2,-0.636,,668,0,0.001,3.805,-51.935,-0.118,0,-1
,RUT 14Q980,May 980 Puts,140416,16:00:00,980,P,140516,0.288,1.53,1.4,1.55,-0.033,701,2814,-3.796,0.089,27.597,-12.704,-3.76,0.013,1.5
,RUT 14R980,Jun 980 Puts,140416,16:00:00,980,P,140620,0.274,6.35,5.8,7.1,0.016,57,1557,-9.613,0.135,83.058,-17.495,-20.945,0.066,6.47
,RUT 14S980,Jul 980 Puts,140416,16:00:00,980,P,140718,0.264,10.4,10,10.9,0.009,5,46,-12.736,0.144,120.947,-17.138,-40.052,0.105,11.29
,RUT 14T980,Aug 980 Puts,140416,16:00:00,980,P,140815,0.257,14.41,14,14.9,0.003,,12,-15.528,0.152,154.502,-16.363,-62.359,0.138,-1
,RUT 14U980,Sep 980 Puts,140416,16:00:00,980,P,140919,0.255,19.54,19.3,20.2,0.011,,615,-17.548,0.158,192.427,-15.637,-94.113,0.17,-1
,RUT 14X980,Dec 980 Puts,140416,16:00:00,980,P,141219,0.249,31.9,31.6,33,0.013,,82,-22.298,0.149,273.089,-13.559,-187.797,0.228,-1
,RUT 14D990,Apr 990 Calls,140416,16:00:00,990,C,140418,,141.93,136.7,144.2,-0.01,,67,99.964,0.001,1.518,-12.383,5.38,1,-1
,RUT 14E990,May 990 Calls,140416,16:00:00,990,C,140516,,142.16,139.6,142.8,-0.007,,32,95.858,0.094,30.068,-13.392,77.141,0.981,-1
,RUT 14F990,Jun 990 Calls,140416,16:00:00,990,C,140620,,145.19,143,145.7,-0.006,10,127,90.191,0.139,85.018,-16.62,154.617,0.919,143.6
,RUT 14G990,Jul 990 Calls,140416,16:00:00,990,C,140718,0.24,147.65,146,148.6,-0.004,15,,86.999,0.152,121.894,-15.46,211.718,0.877,143.8
,RUT 14H990,Aug 990 Calls,140416,16:00:00,990,C,140815,0.242,151.11,149.6,152.1,-0.002,,,83.878,0.157,158.298,-15.937,263.352,0.844,-1
,RUT 14I990,Sep 990 Calls,140416,16:00:00,990,C,140919,0.235,154.37,152.4,155.4,-0.003,,28,80.793,0.163,194.911,-14.876,326.969,0.812,-1
,RUT 14L990,Dec 990 Calls,140416,16:00:00,990,C,141219,0.23,162.87,161.4,164.8,0.001,,21,75.73,0.156,274.699,-13.443,479.845,0.755,-1
,RUT 14P990,Apr 990 Puts,140416,16:00:00,990,P,140418,,0.52,,1.8,2.462,,721,0,0.001,3.874,-49.46,-0.12,0,-1
,RUT 14Q990,May 990 Puts,140416,16:00:00,990,P,140516,0.282,1.85,1.7,1.85,-0.038,1264,3386,-4.572,0.106,32.032,-14.484,-4.525,0.019,1.8
,RUT 14R990,Jun 990 Puts,140416,16:00:00,990,P,140620,0.268,7.2,6.7,7.7,0,37,1121,-10.831,0.15,90.479,-18.56,-23.59,0.081,7.28
,RUT 14S990,Jul 990 Puts,140416,16:00:00,990,P,140718,0.26,11.54,11.1,12.2,0.01,4,,-14.054,0.157,129.281,-18.094,-44.188,0.123,11.95
,RUT 14T990,Aug 990 Puts,140416,16:00:00,990,P,140815,0.254,15.81,15.4,16.4,0.006,,,-16.944,0.165,163.367,-17.112,-67.984,0.156,-1
,RUT 14U990,Sep 990 Puts,140416,16:00:00,990,P,140919,0.252,21.12,21.1,21.9,0.018,,4226,-19.035,0.169,201.333,-16.216,-101.297,0.188,-1
,RUT 14X990,Dec 990 Puts,140416,16:00:00,990,P,141219,0.247,34.01,33.8,35.4,0.017,,1303,-23.729,0.156,282.173,-13.875,-199.174,0.245,-1
,RUT 14D1000,Apr 1000 Calls,140416,16:00:00,1000,C,140418,,131.93,126.7,134.2,-0.011,,71,99.958,0.001,1.604,-12.33,5.433,1,-1
,RUT 14E1000,May 1000 Calls,140416,16:00:00,1000,C,140516,,132.5,129.9,133,-0.008,,20,95.023,0.113,34.868,-15.225,77.11,0.973,-1
,RUT 14F1000,Jun 1000 Calls,140416,16:00:00,1000,C,140620,,136.04,133.9,136.6,-0.006,,368,88.922,0.156,92.83,-17.807,153.578,0.902,-1
,RUT 14G1000,Jul 1000 Calls,140416,16:00:00,1000,C,140718,0.24,138.8,137.4,139.9,-0.001,,13,85.595,0.166,130.814,-16.827,209.822,0.858,-1
,RUT 14H1000,Aug 1000 Calls,140416,16:00:00,1000,C,140815,0.238,142.54,140.9,143.3,-0.003,,5,82.423,0.169,167.524,-16.483,260.679,0.825,-1
,RUT 14I1000,Sep 1000 Calls,140416,16:00:00,1000,C,140919,0.234,146.08,144.3,148.1,0,1,21,79.275,0.173,204.598,-15.667,323.291,0.792,145.1
,RUT 14L1000,Dec 1000 Calls,140416,16:00:00,1000,C,141219,0.227,155.13,153.6,157,0.001,,426,74.247,0.162,284.585,-13.721,474.105,0.738,-1
,RUT 14P1000,Apr 1000 Puts,140416,16:00:00,1000,P,140418,,0.5,,0.05,,15,2577,0,0.001,3.951,-46.996,-0.123,0,-1
,RUT 14Q1000,May 1000 Puts,140416,16:00:00,1000,P,140516,0.275,2.24,2.05,2.25,-0.04,947,4471,-5.505,0.126,37.076,-16.359,-5.443,0.027,2.2
,RUT 14R1000,Jun 1000 Puts,140416,16:00:00,1000,P,140620,0.263,8.16,7.8,8.6,0.005,57,8161,-12.193,0.166,98.304,-19.9,-26.546,0.098,8.22
,RUT 14S1000,Jul 1000 Puts,140416,16:00:00,1000,P,140718,0.255,12.81,12.4,13.4,0.008,7,29,-15.506,0.175,137.866,-18.91,-48.71,0.142,13.19
,RUT 14T1000,Aug 1000 Puts,140416,16:00:00,1000,P,140815,0.251,17.35,17,18.1,0.012,,,-18.472,0.177,172.367,-17.852,-74.056,0.175,-1
,RUT 14U1000,Sep 1000 Puts,140416,16:00:00,1000,P,140919,0.249,22.85,23,24,0.028,,3844,-20.629,0.18,210.318,-16.787,-109.003,0.208,-1
,RUT 14X1000,Dec 1000 Puts,140416,16:00:00,1000,P,141219,0.244,36.26,36.1,37.7,0.018,,2047,-25.228,0.163,291.132,-14.139,-211.123,0.262,-1
,RUT 14D1010,Apr 1010 Calls,140416,16:00:00,1010,C,140418,,121.93,116.7,124.2,-0.014,4,109,99.95,0.001,1.706,-12.325,5.484,1,114.59
,RUT 14E1010,May 1010 Calls,140416,16:00:00,1010,C,140516,,122.92,120.6,123.6,-0.007,,39,94.014,0.135,40.331,-17.254,76.905,0.961,-1
,RUT 14F1010,Jun 1010 Calls,140416,16:00:00,1010,C,140620,0.237,127.01,125.1,127.7,-0.007,4,82,87.491,0.174,101.089,-17.603,152.188,0.882,121.02
,RUT 14G1010,Jul 1010 Calls,140416,16:00:00,1010,C,140718,0.236,130.08,128.9,131.3,0,,,84.049,0.181,140.011,-17.849,207.484,0.837,-1
,RUT 14H1010,Aug 1010 Calls,140416,16:00:00,1010,C,140815,0.235,134.1,132.7,135,-0.002,,,80.85,0.182,176.87,-17.255,257.518,0.804,-1
,RUT 14I1010,Sep 1010 Calls,140416,16:00:00,1010,C,140919,0.233,137.94,136.4,140.1,0.002,,61,77.659,0.184,214.267,-16.331,319.075,0.772,-1
,RUT 14L1010,Dec 1010 Calls,140416,16:00:00,1010,C,141219,0.226,147.53,146.5,149.5,0.003,,145,72.707,0.168,294.25,-14.097,467.767,0.72,-1
,RUT 14P1010,Apr 1010 Puts,140416,16:00:00,1010,P,140418,,0.47,,0.05,,,984,0,0.001,4.038,-44.545,-0.126,0,-1
,RUT 14Q1010,May 1010 Puts,140416,16:00:00,1010,P,140516,0.271,2.72,2.55,2.85,-0.007,262,4538,-6.623,0.149,42.773,-18.973,-6.543,0.039,2.7
,RUT 14R1010,Jun 1010 Puts,140416,16:00:00,1010,P,140620,0.258,9.25,8.9,9.7,0.005,32,580,-13.711,0.184,106.496,-21.178,-29.841,0.118,9.37
,RUT 14S1010,Jul 1010 Puts,140416,16:00:00,1010,P,140718,0.253,14.21,13.9,14.9,0.02,761,30,-17.136,0.19,146.66,-19.998,-53.652,0.163,16.4
,RUT 14T1010,Aug 1010 Puts,140416,16:00:00,1010,P,140815,0.248,19.03,18.8,19.8,0.014,,1,-20.116,0.189,181.437,-18.574,-80.596,0.196,-1
,RUT 14U1010,Sep 1010 Puts,140416,16:00:00,1010,P,140919,0.246,24.73,25,26,0.031,,162,-22.332,0.192,219.313,-17.292,-117.248,0.228,-1
,RUT 14X1010,Dec 1010 Puts,140416,16:00:00,1010,P,141219,0.242,38.65,38.5,40.2,0.018,,198,-26.796,0.17,299.909,-14.425,-223.651,0.28,-1
,RUT 14D1020,Apr 1020 Calls,140416,16:00:00,1020,C,140418,,111.94,106.7,114.2,-0.017,10,111,99.939,0.002,1.828,-12.38,5.535,1,102.8
,RUT 14E1020,May 1020 Calls,140416,16:00:00,1020,C,140516,,113.44,111,114,-0.01,5,109,92.797,0.16,46.502,-19.479,76.491,0.947,107.7
,RUT 14F1020,Jun 1020 Calls,140416,16:00:00,1020,C,140620,0.237,118.11,116.4,118.9,-0.004,,108,85.884,0.194,109.749,-19.582,150.412,0.86,-1
,RUT 14G1020,Jul 1020 Calls,140416,16:00:00,1020,C,140718,0.235,121.51,120.7,123.2,0.004,,,82.353,0.197,149.415,-19.137,204.671,0.815,-1
,RUT 14H1020,Aug 1020 Calls,140416,16:00:00,1020,C,140815,0.232,125.81,124.6,126.8,-0.001,,7,79.154,0.195,186.263,-18.004,253.843,0.782,-1
,RUT 14I1020,Sep 1020 Calls,140416,16:00:00,1020,C,140919,0.23,129.96,128.7,132.1,0.003,,21,75.941,0.194,223.838,-16.866,314.301,0.751,-1
,RUT 14L1020,Dec 1020 Calls,140416,16:00:00,1020,C,141219,0.223,140.07,138.9,141.9,0.002,,51,71.104,0.174,303.629,-14.334,460.827,0.701,-1
,RUT 14P1020,Apr 1020 Puts,140416,16:00:00,1020,P,140418,,0.45,,0.05,,54,4633,0,0.002,4.139,-42.112,-0.129,0,0.05
,RUT 14Q1020,May 1020 Puts,140416,16:00:00,1020,P,140516,0.264,3.29,3.1,3.4,-0.009,332,4360,-7.959,0.175,49.149,-21.369,-7.857,0.053,3.43
,RUT 14R1020,Jun 1020 Puts,140416,16:00:00,1020,P,140620,0.253,10.48,10.1,10.8,-0.002,31,475,-15.399,0.202,114.997,-22.376,-33.507,0.14,10.57
,RUT 14S1020,Jul 1020 Puts,140416,16:00:00,1020,P,140718,0.247,15.77,15.4,16.4,0.008,,9,-18.914,0.206,155.596,-20.725,-59.043,0.185,-1
,RUT 14T1020,Aug 1020 Puts,140416,16:00:00,1020,P,140815,0.244,20.86,20.6,21.6,0.012,,3,-21.88,0.201,190.502,-19.213,-87.623,0.218,-1
,RUT 14U1020,Sep 1020 Puts,140416,16:00:00,1020,P,140919,0.242,26.77,27.1,27.9,0.027,,183,-24.147,0.203,228.241,-17.677,-126.049,0.249,-1
,RUT 14X1020,Dec 1020 Puts,140416,16:00:00,1020,P,141219,0.24,41.2,41.2,42.9,0.021,,88,-28.43,0.177,308.444,-14.693,-236.762,0.299,-1
,RUT 14D1030,Apr 1030 Calls,140416,16:00:00,1030,C,140418,,101.94,98.2,102.9,-0.014,,108,99.925,0.002,1.979,-12.518,5.586,1,-1
,RUT 14E1030,May 1030 Calls,140416,16:00:00,1030,C,140516,,104.06,101.8,104.6,-0.008,,74,91.332,0.19,53.405,-21.891,75.831,0.928,-1
,RUT 14F1030,Jun 1030 Calls,140416,16:00:00,1030,C,140620,0.236,109.36,108.1,110.6,0,,81,84.082,0.215,118.74,-21.49,148.213,0.836,-1
,RUT 14G1030,Jul 1030 Calls,140416,16:00:00,1030,C,140718,0.232,113.1,112.5,114.9,0.005,,13,80.496,0.214,158.938,-20.12,201.353,0.791,-1
,RUT 14H1030,Aug 1030 Calls,140416,16:00:00,1030,C,140815,0.229,117.68,116.7,118.8,0.001,,,77.329,0.208,195.613,-18.721,249.631,0.759,-1
,RUT 14I1030,Sep 1030 Calls,140416,16:00:00,1030,C,140919,0.227,122.13,121.1,124.3,0.005,,110,74.105,0.208,233.228,-17.369,308.955,0.73,-1
,RUT 14L1030,Dec 1030 Calls,140416,16:00:00,1030,C,141219,0.221,132.78,131.7,134.5,0.002,,16,69.438,0.18,312.653,-14.587,453.281,0.683,-1
,RUT 14P1030,Apr 1030 Puts,140416,16:00:00,1030,P,140418,,0.42,,0.05,,51,4089,0,0.002,4.256,-39.703,-0.133,0,0.05
,RUT 14Q1030,May 1030 Puts,140416,16:00:00,1030,P,140516,0.258,4,3.8,4.1,-0.013,314,5043,-9.551,0.206,56.21,-23.824,-9.421,0.072,3.9
,RUT 14R1030,Jun 1030 Puts,140416,16:00:00,1030,P,140620,0.249,11.86,11.5,12.3,0.011,1951,4981,-17.269,0.222,123.732,-23.815,-37.573,0.164,13.8
,RUT 14S1030,Jul 1030 Puts,140416,16:00:00,1030,P,140718,0.243,17.5,17.2,18.2,0.011,,10,-20.847,0.222,164.584,-21.565,-64.908,0.209,-1
,RUT 14T1030,Aug 1030 Puts,140416,16:00:00,1030,P,140815,0.24,22.87,22.6,23.6,0.01,,3,-23.766,0.214,199.474,-19.761,-95.156,0.241,-1
,RUT 14U1030,Sep 1030 Puts,140416,16:00:00,1030,P,140919,0.239,28.99,29.2,30.1,0.023,,680,-26.075,0.214,237.012,-18.088,-135.417,0.27,-1
,RUT 14X1030,Dec 1030 Puts,140416,16:00:00,1030,P,141219,0.236,43.91,43.9,45.6,0.019,1,58,-30.131,0.183,316.67,-14.864,-250.455,0.317,44.9
,RUT 14D1040,Apr 1040 Calls,140416,16:00:00,1040,C,140418,,91.94,88.3,93,-0.014,,182,99.906,0.003,2.169,-12.768,5.634,1,-1
,RUT 14E1040,May 1040 Calls,140416,16:00:00,1040,C,140516,,94.83,93.1,95.6,-0.005,,116,89.574,0.225,61.036,-24.465,74.88,0.905,-1
,RUT 14F1040,Jun 1040 Calls,140416,16:00:00,1040,C,140620,0.23,100.78,99.5,101.8,-0.001,,49,82.068,0.238,127.97,-22.535,145.552,0.809,-1
,RUT 14G1040,Jul 1040 Calls,140416,16:00:00,1040,C,140718,0.227,104.87,104.3,106.4,0.005,,4,78.469,0.232,168.47,-20.789,197.501,0.765,-1
,RUT 14H1040,Aug 1040 Calls,140416,16:00:00,1040,C,140815,0.226,109.73,108.9,111,0.002,,,75.35,0.231,204.821,-19.337,244.858,0.735,-1
,RUT 14I1040,Sep 1040 Calls,140416,16:00:00,1040,C,140919,0.223,114.49,113.4,116.4,0.004,,26,72.139,0.218,242.344,-17.685,303.018,0.707,-1
,RUT 14L1040,Dec 1040 Calls,140416,16:00:00,1040,C,141219,0.219,125.64,124.7,127.3,0.003,,10,67.709,0.186,321.253,-14.812,445.129,0.664,-1
,RUT 14P1040,Apr 1040 Puts,140416,16:00:00,1040,P,140418,,0.4,,0.05,,114,43513,0,0.002,4.396,-37.327,-0.138,0,0.05
,RUT 14Q1040,May 1040 Puts,140416,16:00:00,1040,P,140516,0.254,4.85,4.7,5.1,0.01,275,5263,-11.439,0.24,63.932,-27.047,-11.276,0.095,4.95
,RUT 14R1040,Jun 1040 Puts,140416,16:00:00,1040,P,140620,0.244,13.43,13.1,13.8,0.004,23,1904,-19.335,0.243,132.602,-24.969,-42.067,0.191,14.3
,RUT 14S1040,Jul 1040 Puts,140416,16:00:00,1040,P,140718,0.239,19.42,19.2,20,0.009,,15,-22.941,0.238,173.517,-22.366,-71.267,0.235,-1
,RUT 14T1040,Aug 1040 Puts,140416,16:00:00,1040,P,140815,0.237,25.05,24.8,25.7,0.008,,,-25.777,0.226,208.257,-20.327,-103.208,0.265,-1
,RUT 14U1040,Sep 1040 Puts,140416,16:00:00,1040,P,140919,0.237,31.39,31.8,32.8,0.031,10,148,-28.114,0.225,245.534,-18.57,-145.359,0.293,33.55
,RUT 14X1040,Dec 1040 Puts,140416,16:00:00,1040,P,141219,0.234,46.78,46.8,48.4,0.018,,184,-31.896,0.19,324.522,-15.051,-264.73,0.336,-1
,RUT 14D1050,Apr 1050 Calls,140416,16:00:00,1050,C,140418,,81.94,78.3,83,-0.016,30,194,99.88,0.004,2.415,-13.176,5.681,1,80.28
,RUT 14E1050,May 1050 Calls,140416,16:00:00,1050,C,140516,0.235,85.76,84.2,86.9,-0.002,,128,87.476,0.264,69.35,-26.407,73.591,0.877,-1
,RUT 14F1050,Jun 1050 Calls,140416,16:00:00,1050,C,140620,0.227,92.4,91.4,93.6,0.001,31,191,79.826,0.262,137.313,-24.04,142.395,0.78,92.9
,RUT 14G1050,Jul 1050 Calls,140416,16:00:00,1050,C,140718,0.224,96.84,96.4,98.5,0.006,,1,76.252,0.259,177.884,-21.609,193.088,0.738,-1
,RUT 14H1050,Aug 1050 Calls,140416,16:00:00,1050,C,140815,0.223,101.97,101.4,103.3,0.004,,1,73.142,0.246,213.784,-19.964,239.495,0.71,-1
,RUT 14I1050,Sep 1050 Calls,140416,16:00:00,1050,C,140919,0.22,107.04,106.2,108.7,0.004,,106,70.065,0.229,251.084,-18.062,296.481,0.684,-1
,RUT 14L1050,Dec 1050 Calls,140416,16:00:00,1050,C,141219,0.217,118.67,117.9,120.3,0.004,,263,65.92,0.192,329.355,-15.045,436.376,0.644,-1
,RUT 14P1050,Apr 1050 Puts,140416,16:00:00,1050,P,140418,,0.37,,0.1,,357,42419,0,0.003,4.568,-34.995,-0.144,0,0.05
,RUT 14Q1050,May 1050 Puts,140416,16:00:00,1050,P,140516,0.249,5.88,5.8,6.3,0.029,335,5469,-13.666,0.279,72.246,-30.268,-13.462,0.123,5.95
,RUT 14R1050,Jun 1050 Puts,140416,16:00:00,1050,P,140620,0.24,15.19,14.9,15.6,0.005,67,2642,-21.61,0.265,141.485,-26.15,-47.018,0.22,15.6
,RUT 14S1050,Jul 1050 Puts,140416,16:00:00,1050,P,140718,0.236,21.54,21.3,22.1,0.009,7,43,-25.202,0.255,182.274,-23.114,-78.139,0.262,22.38
,RUT 14T1050,Aug 1050 Puts,140416,16:00:00,1050,P,140815,0.233,27.43,27.1,28.2,0.008,,,-27.915,0.239,216.743,-20.844,-111.792,0.29,-1
,RUT 14U1050,Sep 1050 Puts,140416,16:00:00,1050,P,140919,0.233,34,34.5,35.2,0.026,32,936,-30.265,0.236,253.702,-18.866,-155.879,0.316,35.59
,RUT 14X1050,Dec 1050 Puts,140416,16:00:00,1050,P,141219,0.231,49.83,49.8,51.5,0.016,,7941,-33.724,0.196,331.932,-15.213,-279.578,0.356,-1
,RUT 14D1060,Apr 1060 Calls,140416,16:00:00,1060,C,140418,,71.95,68.3,73,-0.018,30,283,99.841,0.006,2.743,-13.815,5.725,1,70.12
,RUT 14E1060,May 1060 Calls,140416,16:00:00,1060,C,140516,0.226,76.9,75.3,77.8,-0.005,38,269,84.982,0.308,78.245,-28.526,71.913,0.844,75.18
,RUT 14F1060,Jun 1060 Calls,140416,16:00:00,1060,C,140620,0.224,84.24,83.5,85.7,0.004,31,39,77.338,0.287,146.611,-25.3,138.706,0.749,83.26
,RUT 14G1060,Jul 1060 Calls,140416,16:00:00,1060,C,140718,0.22,89.03,88.7,90.7,0.008,,7,73.728,0.282,187.042,-22.298,188.078,0.71,-1
,RUT 14H1060,Aug 1060 Calls,140416,16:00:00,1060,C,140815,0.22,94.43,93.9,95.8,0.004,,,70.782,0.261,222.37,-20.421,233.523,0.684,-1
,RUT 14I1060,Sep 1060 Calls,140416,16:00:00,1060,C,140919,0.218,99.79,99.4,101.4,0.006,,72,67.882,0.239,259.333,-18.487,289.341,0.661,-1
,RUT 14L1060,Dec 1060 Calls,140416,16:00:00,1060,C,141219,0.215,111.88,111.2,113.4,0.004,,3,64.071,0.198,336.884,-15.209,427.026,0.625,-1
,RUT 14P1060,Apr 1060 Puts,140416,16:00:00,1060,P,140418,,0.35,,0.15,,245,9992,0,0.003,4.785,-32.728,-0.152,0,0.06
,RUT 14Q1060,May 1060 Puts,140416,16:00:00,1060,P,140516,0.242,7.12,7,7.4,0.014,128,5481,-16.331,0.33,81.035,-32.77,-16.028,0.156,7.58
,RUT 14R1060,Jun 1060 Puts,140416,16:00:00,1060,P,140620,0.235,17.17,16.8,17.6,0.003,20,431,-24.105,0.287,150.232,-27.248,-52.45,0.251,17.58
,RUT 14S1060,Jul 1060 Puts,140416,16:00:00,1060,P,140718,0.232,23.88,23.6,24.4,0.006,8,32,-27.63,0.271,190.716,-23.793,-85.536,0.29,24.68
,RUT 14T1060,Aug 1060 Puts,140416,16:00:00,1060,P,140815,0.23,30.01,29.8,30.9,0.011,,,-30.18,0.251,224.812,-21.358,-120.913,0.316,-1
,RUT 14U1060,Sep 1060 Puts,140416,16:00:00,1060,P,140919,0.229,36.81,37.1,38,0.021,18,139,-32.524,0.246,261.408,-19.122,-166.975,0.339,38.36
,RUT 14X1060,Dec 1060 Puts,140416,16:00:00,1060,P,141219,0.228,53.05,53,54.6,0.014,,102,-35.612,0.201,338.831,-15.31,-294.992,0.375,-1
,RUT 14D1070,Apr 1070 Calls,140416,16:00:00,1070,C,140418,,61.96,58.3,63,-0.023,20,113,99.779,0.009,3.2,-14.81,5.765,1,58.17
,RUT 14E1070,May 1070 Calls,140416,16:00:00,1070,C,140516,0.224,68.28,67,69.3,-0.002,54,148,82.039,0.358,87.543,-32.295,69.793,0.806,67.8
,RUT 14F1070,Jun 1070 Calls,140416,16:00:00,1070,C,140620,0.219,76.32,75.8,77.7,0.004,30,28,74.486,0.327,155.679,-26.294,134.45,0.716,73.55
,RUT 14G1070,Jul 1070 Calls,140416,16:00:00,1070,C,140718,0.216,81.47,81.3,83.2,0.008,11,9,70.992,0.303,195.771,-22.909,182.448,0.681,79.9
,RUT 14H1070,Aug 1070 Calls,140416,16:00:00,1070,C,140815,0.216,87.12,86.7,88.5,0.006,,,68.27,0.276,230.431,-20.813,226.936,0.657,-1
,RUT 14I1070,Sep 1070 Calls,140416,16:00:00,1070,C,140919,0.216,92.75,92.5,94.7,0.009,,184,65.594,0.249,266.974,-18.808,281.6,0.637,-1
,RUT 14L1070,Dec 1070 Calls,140416,16:00:00,1070,C,141219,0.212,105.26,104.7,106.6,0.004,,67,62.166,0.203,343.767,-15.302,417.091,0.605,-1
,RUT 14P1070,Apr 1070 Puts,140416,16:00:00,1070,P,140418,,0.33,0.05,0.1,,707,17303,0,0.005,5.069,-30.556,-0.162,0,0.11
,RUT 14Q1070,May 1070 Puts,140416,16:00:00,1070,P,140516,0.237,8.63,8.5,9.1,0.02,147,2230,-19.479,0.379,90.126,-35.876,-19.023,0.194,8.77
,RUT 14R1070,Jun 1070 Puts,140416,16:00:00,1070,P,140620,0.231,19.4,19,19.8,0.005,37,1316,-26.827,0.309,158.666,-28.234,-58.384,0.284,21.55
,RUT 14S1070,Jul 1070 Puts,140416,16:00:00,1070,P,140718,0.228,26.45,26.1,27.1,0.006,,18,-30.228,0.288,198.688,-24.322,-93.467,0.319,-1
,RUT 14T1070,Aug 1070 Puts,140416,16:00:00,1070,P,140815,0.226,32.82,32.6,33.5,0.007,,1,-32.571,0.263,232.34,-21.69,-130.574,0.343,-1
,RUT 14U1070,Sep 1070 Puts,140416,16:00:00,1070,P,140919,0.226,39.85,40.2,40.9,0.018,,93,-34.886,0.256,268.541,-19.331,-178.637,0.363,-1
,RUT 14X1070,Dec 1070 Puts,140416,16:00:00,1070,P,141219,0.226,56.46,56.3,57.8,0.01,,199,-37.556,0.206,345.149,-15.379,-310.956,0.395,-1
,RUT 14D1080,Apr 1080 Calls,140416,16:00:00,1080,C,140418,,51.98,48.3,53,-0.028,20,197,99.675,0.016,3.87,-16.387,5.796,0.998,48.13
,RUT 14E1080,May 1080 Calls,140416,16:00:00,1080,C,140516,0.219,59.94,58.9,61,0.001,43,134,78.592,0.411,96.976,-35.418,67.179,0.763,60.65
,RUT 14F1080,Jun 1080 Calls,140416,16:00:00,1080,C,140620,0.215,68.68,68.3,70.2,0.006,20,93,71.313,0.356,164.293,-27.243,129.593,0.682,66.14
,RUT 14G1080,Jul 1080 Calls,140416,16:00:00,1080,C,140718,0.213,74.17,74.2,75.9,0.012,,8,68.052,0.322,203.865,-23.553,176.193,0.651,-1
,RUT 14H1080,Aug 1080 Calls,140416,16:00:00,1080,C,140815,0.213,80.06,79.9,81.5,0.006,3,,65.61,0.289,237.808,-21.13,219.736,0.63,77.75
,RUT 14I1080,Sep 1080 Calls,140416,16:00:00,1080,C,140919,0.213,85.94,85.6,87.6,0.008,,49,63.204,0.258,273.884,-18.973,273.267,0.612,-1
,RUT 14L1080,Dec 1080 Calls,140416,16:00:00,1080,C,141219,0.209,98.84,98.4,100,0.003,3,33,60.205,0.208,349.928,-15.359,406.584,0.585,96.95
,RUT 14P1080,Apr 1080 Puts,140416,16:00:00,1080,P,140418,,0.31,0.05,0.1,,806,16423,0,0.007,5.462,-28.536,-0.177,0.002,0.1
,RUT 14Q1080,May 1080 Puts,140416,16:00:00,1080,P,140516,0.231,10.44,10.4,10.8,0.015,126,2943,-23.12,0.43,99.232,-38.461,-22.486,0.237,10.66
,RUT 14R1080,Jun 1080 Puts,140416,16:00:00,1080,P,140620,0.226,21.88,21.5,22.3,0.001,22,1520,-29.785,0.332,166.586,-28.997,-64.835,0.318,22
,RUT 14S1080,Jul 1080 Puts,140416,16:00:00,1080,P,140718,0.224,29.29,28.9,29.8,0.007,10,,-32.994,0.303,206.024,-24.88,-101.932,0.349,32.3
,RUT 14T1080,Aug 1080 Puts,140416,16:00:00,1080,P,140815,0.223,35.86,35.6,36.5,0.005,,,-35.084,0.274,239.193,-22,-140.771,0.37,-1
,RUT 14U1080,Sep 1080 Puts,140416,16:00:00,1080,P,140919,0.223,43.12,43.2,44.3,0.015,,192,-37.346,0.265,274.985,-19.535,-190.851,0.388,-1
,RUT 14X1080,Dec 1080 Puts,140416,16:00:00,1080,P,141219,0.223,60.06,59.8,61.4,0.009,,158,-39.552,0.211,350.819,-15.453,-327.454,0.415,-1
,RUT 14D1090,Apr 1090 Calls,140416,16:00:00,1090,C,140418,,42.01,38.4,43,-0.033,3,405,99.481,0.031,4.923,-18.989,5.813,0.989,39.1
,RUT 14E1090,May 1090 Calls,140416,16:00:00,1090,C,140516,0.214,51.96,51.2,53.1,0.003,56,187,74.473,0.489,106.171,-38.012,64.025,0.716,51.43
,RUT 14F1090,Jun 1090 Calls,140416,16:00:00,1090,C,140620,0.211,61.37,61.1,62.8,0.009,73,354,67.846,0.383,172.172,-28.025,124.125,0.646,60.8
,RUT 14G1090,Jul 1090 Calls,140416,16:00:00,1090,C,140718,0.21,67.18,67.3,68.9,0.014,,2,64.911,0.34,211.105,-23.951,169.32,0.62,-1
,RUT 14H1090,Aug 1090 Calls,140416,16:00:00,1090,C,140815,0.21,73.26,73.1,74.7,0.009,,,62.807,0.302,244.332,-21.415,211.934,0.603,-1
,RUT 14I1090,Sep 1090 Calls,140416,16:00:00,1090,C,140919,0.21,79.36,79.2,80.8,0.008,,75,60.715,0.267,279.938,-19.119,264.354,0.588,-1
,RUT 14L1090,Dec 1090 Calls,140416,16:00:00,1090,C,141219,0.207,92.6,92,93.7,0.003,,38,58.193,0.212,355.293,-15.415,395.521,0.566,-1
,RUT 14P1090,Apr 1090 Puts,140416,16:00:00,1090,P,140418,,0.29,0.05,0.1,,1539,5757,-0.048,0.012,6.042,-26.775,-0.2,0.011,0.04
,RUT 14Q1090,May 1090 Puts,140416,16:00:00,1090,P,140516,0.225,12.62,12.4,13.1,0.01,844,2703,-27.282,0.481,107.975,-40.771,-26.448,0.284,12.8
,RUT 14R1090,Jun 1090 Puts,140416,16:00:00,1090,P,140620,0.222,24.66,24.4,25,0.006,18,243,-32.978,0.354,173.763,-29.815,-71.811,0.354,27.05
,RUT 14S1090,Jul 1090 Puts,140416,16:00:00,1090,P,140718,0.22,32.39,31.8,32.9,-0.001,,,-35.922,0.318,212.547,-25.13,-110.924,0.38,-1
,RUT 14T1090,Aug 1090 Puts,140416,16:00:00,1090,P,140815,0.219,39.14,38.8,39.7,0.003,,,-37.715,0.284,245.233,-22.167,-151.495,0.397,-1
,RUT 14U1090,Sep 1090 Puts,140416,16:00:00,1090,P,140919,0.221,46.63,46.7,47.9,0.014,,290,-39.896,0.272,280.628,-19.679,-203.595,0.412,-1
,RUT 14X1090,Dec 1090 Puts,140416,16:00:00,1090,P,141219,0.221,63.86,63.5,65.2,0.008,,298,-41.596,0.215,355.774,-15.493,-344.465,0.434,-1
,RUT 14D1100,Apr 1100 Calls,140416,16:00:00,1100,C,140418,,32.07,28.6,33,-0.044,5,559,99.066,0.069,6.731,-23.579,5.796,0.958,27.89
,RUT 14E1100,May 1100 Calls,140416,16:00:00,1100,C,140516,0.21,44.39,43.9,45.6,0.009,47,257,69.643,0.549,114.649,-40.428,60.286,0.666,45.3
,RUT 14F1100,Jun 1100 Calls,140416,16:00:00,1100,C,140620,0.206,54.39,54.2,55.8,0.01,12,885,64.093,0.409,179.003,-28.528,118.05,0.609,53.1
,RUT 14G1100,Jul 1100 Calls,140416,16:00:00,1100,C,140718,0.206,60.49,60.7,62.1,0.015,,24,61.58,0.357,217.258,-24.154,161.847,0.588,-1
,RUT 14H1100,Aug 1100 Calls,140416,16:00:00,1100,C,140815,0.207,66.74,66.8,68.1,0.011,,10,59.87,0.314,249.833,-21.602,203.55,0.575,-1
,RUT 14I1100,Sep 1100 Calls,140416,16:00:00,1100,C,140919,0.207,73.02,72.9,74.4,0.009,,46,58.136,0.274,285.01,-19.146,254.884,0.563,-1
,RUT 14L1100,Dec 1100 Calls,140416,16:00:00,1100,C,141219,0.205,86.57,85.9,87.6,0.002,,458,56.133,0.216,359.79,-15.43,383.924,0.546,-1
,RUT 14P1100,Apr 1100 Puts,140416,16:00:00,1100,P,140418,,0.28,,0.1,,992,4146,-0.174,0.024,6.989,-25.506,-0.238,0.042,0.1
,RUT 14Q1100,May 1100 Puts,140416,16:00:00,1100,P,140516,0.22,15.21,15.1,15.7,0.012,211,3651,-31.972,0.53,115.887,-42.881,-30.92,0.334,15.32
,RUT 14R1100,Jun 1100 Puts,140416,16:00:00,1100,P,140620,0.217,27.76,27.4,28.1,0,227,6579,-36.406,0.375,179.949,-30.116,-79.309,0.391,28.08
,RUT 14S1100,Jul 1100 Puts,140416,16:00:00,1100,P,140718,0.215,35.78,35.2,36,-0.005,,6,-39.004,0.331,218.076,-25.249,-120.428,0.412,-1
,RUT 14T1100,Aug 1100 Puts,140416,16:00:00,1100,P,140815,0.216,42.69,42.3,43.4,0.004,,10,-40.459,0.294,250.321,-22.292,-162.729,0.425,-1
,RUT 14U1100,Sep 1100 Puts,140416,16:00:00,1100,P,140919,0.217,50.39,50.3,51.3,0.008,,843,-42.526,0.279,285.359,-19.665,-216.842,0.437,-1
,RUT 14X1100,Dec 1100 Puts,140416,16:00:00,1100,P,141219,0.218,67.86,67.4,68.8,0.005,1,1057,-43.684,0.219,359.951,-15.461,-361.962,0.454,70
,RUT 14D1110,Apr 1110 Calls,140416,16:00:00,1110,C,140418,,22.19,19.4,23.1,-0.041,89,4241,97.978,0.194,10.223,-32.492,5.696,0.881,22
,RUT 14E1110,May 1110 Calls,140416,16:00:00,1110,C,140516,0.204,37.32,36.9,38.5,0.01,43,3933,64.187,0.605,121.777,-41.671,55.96,0.613,38.01
,RUT 14F1110,Jun 1110 Calls,140416,16:00:00,1110,C,140620,0.202,47.8,47.6,49.1,0.012,13,899,60.069,0.432,184.458,-28.79,111.392,0.572,49.08
,RUT 14G1110,Jul 1110 Calls,140416,16:00:00,1110,C,140718,0.202,54.14,54.2,55.6,0.015,2,22,58.075,0.371,222.094,-24.207,153.805,0.557,55.45
,RUT 14H1110,Aug 1110 Calls,140416,16:00:00,1110,C,140815,0.204,60.51,60.4,61.8,0.01,,,56.809,0.324,254.143,-21.577,194.614,0.547,-1
,RUT 14I1110,Sep 1110 Calls,140416,16:00:00,1110,C,140919,0.203,66.95,66.7,68.1,0.007,,97,55.472,0.281,288.978,-19.097,244.883,0.539,-1
,RUT 14L1110,Dec 1110 Calls,140416,16:00:00,1110,C,141219,0.203,80.74,80.1,81.7,0.002,,136,54.031,0.22,363.347,-15.403,371.823,0.526,-1
,RUT 14P1110,Apr 1110 Puts,140416,16:00:00,1110,P,140418,0.152,0.29,0.15,0.3,-0.241,3197,6856,-0.49,0.063,8.795,-19.65,-0.315,0.119,0.19
,RUT 14Q1110,May 1110 Puts,140416,16:00:00,1110,P,140516,0.214,18.27,17.9,18.7,0.002,130,4617,-37.173,0.574,122.434,-44.041,-35.895,0.387,18.27
,RUT 14R1110,Jun 1110 Puts,140416,16:00:00,1110,P,140620,0.212,31.2,30.8,31.5,0.001,413,921,-40.06,0.394,184.88,-30.325,-87.316,0.428,33.1
,RUT 14S1110,Jul 1110 Puts,140416,16:00:00,1110,P,140718,0.212,39.48,38.7,39.7,-0.006,1,12,-42.229,0.343,222.427,-25.343,-130.42,0.443,39.81
,RUT 14T1110,Aug 1110 Puts,140416,16:00:00,1110,P,140815,0.213,46.51,45.9,47,-0.001,,10,-43.305,0.302,254.317,-22.258,-174.45,0.453,-1
,RUT 14U1110,Sep 1110 Puts,140416,16:00:00,1110,P,140919,0.213,54.41,54.1,55.1,0.003,,78,-45.227,0.284,289.073,-19.582,-230.556,0.461,-1
,RUT 14X1110,Dec 1110 Puts,140416,16:00:00,1110,P,141219,0.216,72.07,71.4,73,0.002,,202,-45.808,0.222,363.29,-15.393,-379.909,0.474,-1
,RUT 14D1120,Apr 1120 Calls,140416,16:00:00,1120,C,140418,,12.51,9.7,13.1,-0.086,5487,2903,93.802,1.327,17.902,-51.52,5.317,0.738,12
,RUT 14E1120,May 1120 Calls,140416,16:00:00,1120,C,140516,0.2,30.8,30.7,32,0.018,3072,327,58.151,0.652,126.854,-42.594,51.08,0.558,31.49
,RUT 14F1120,Jun 1120 Calls,140416,16:00:00,1120,C,140620,0.197,41.61,41.4,42.4,0.007,1641,1564,55.8,0.452,188.205,-28.559,104.189,0.534,42.25
,RUT 14G1120,Jul 1120 Calls,140416,16:00:00,1120,C,140718,0.198,48.13,48.2,49.6,0.016,,8,54.417,0.383,225.39,-24.156,145.24,0.525,-1
,RUT 14H1120,Aug 1120 Calls,140416,16:00:00,1120,C,140815,0.2,54.59,54.4,55.8,0.009,,,53.64,0.332,257.1,-21.437,185.166,0.519,-1
,RUT 14I1120,Sep 1120 Calls,140416,16:00:00,1120,C,140919,0.201,61.13,61.1,62.3,0.009,,71,52.735,0.286,291.723,-19.059,234.396,0.514,-1
,RUT 14L1120,Dec 1120 Calls,140416,16:00:00,1120,C,141219,0.201,75.11,74.4,76.1,0.002,,86,51.891,0.222,365.898,-15.333,359.266,0.507,-1
,RUT 14P1120,Apr 1120 Puts,140416,16:00:00,1120,P,140418,0.139,0.56,0.85,1,0.643,9375,8833,-8.175,1.812,16.365,-65.084,-0.716,0.262,0.85
,RUT 14Q1120,May 1120 Puts,140416,16:00:00,1120,P,140516,0.208,21.85,21.6,22.2,0.001,3206,2790,-42.838,0.61,127.047,-44.552,-41.337,0.442,21.5
,RUT 14R1120,Jun 1120 Puts,140416,16:00:00,1120,P,140620,0.207,35,34.5,35.3,-0.003,2597,3478,-43.926,0.411,188.288,-30.186,-95.806,0.466,34.49
,RUT 14S1120,Jul 1120 Puts,140416,16:00:00,1120,P,140718,0.207,43.51,42.5,43.7,-0.009,,,-45.58,0.351,225.424,-25.153,-140.866,0.475,-1
,RUT 14T1120,Aug 1120 Puts,140416,16:00:00,1120,P,140815,0.209,50.61,50,51.2,0,,,-46.243,0.309,257.089,-22.165,-186.623,0.481,-1
,RUT 14U1120,Sep 1120 Puts,140416,16:00:00,1120,P,140919,0.21,58.7,58.2,59.2,0,,421,-47.983,0.287,291.674,-19.473,-244.684,0.486,-1
,RUT 14X1120,Dec 1120 Puts,140416,16:00:00,1120,P,141219,0.213,76.48,75.7,77.3,0,,107,-47.961,0.224,365.736,-15.287,-398.262,0.493,-1
,RUT 14D1130,Apr 1130 Calls,140416,16:00:00,1130,C,140418,0.099,4.3,4,4.6,0,2544,3852,61.916,5.453,32.617,-93.738,3.617,0.539,4.32
,RUT 14E1130,May 1130 Calls,140416,16:00:00,1130,C,140516,0.192,24.9,24.6,25.4,0.004,1000,292,51.637,0.683,129.183,-41.5,45.724,0.503,25.1
,RUT 14F1130,Jun 1130 Calls,140416,16:00:00,1130,C,140620,0.192,35.85,35.6,36.5,0.006,248,1298,51.328,0.465,189.929,-28.17,96.52,0.496,36.2
,RUT 14G1130,Jul 1130 Calls,140416,16:00:00,1130,C,140718,0.194,42.5,42.5,43.7,0.015,1,,50.638,0.39,226.937,-23.804,136.238,0.493,43.55
,RUT 14H1130,Aug 1130 Calls,140416,16:00:00,1130,C,140815,0.197,48.99,48.8,50.1,0.009,,,50.384,0.337,258.552,-21.23,175.287,0.491,-1
,RUT 14I1130,Sep 1130 Calls,140416,16:00:00,1130,C,140919,0.197,55.59,55.2,56.5,0.005,,31,49.938,0.29,293.141,-18.795,223.48,0.49,-1
,RUT 14L1130,Dec 1130 Calls,140416,16:00:00,1130,C,141219,0.198,69.7,68.9,70.6,0.001,,312,49.718,0.225,367.388,-15.181,346.272,0.487,-1
,RUT 14P1130,Apr 1130 Puts,140416,16:00:00,1130,P,140418,0.094,2.91,1.1,3.5,-0.199,4833,8476,-47.145,5.53,32.78,-88.926,-2.632,0.461,2.98
,RUT 14Q1130,May 1130 Puts,140416,16:00:00,1130,P,140516,0.202,26.01,25.4,26.4,-0.005,112,1443,-48.88,0.633,129.177,-44.045,-47.179,0.497,25.6
,RUT 14R1130,Jun 1130 Puts,140416,16:00:00,1130,P,140620,0.203,39.2,38.5,39.6,-0.004,217,3366,-47.975,0.423,189.91,-29.744,-104.725,0.504,38.6
,RUT 14S1130,Jul 1130 Puts,140416,16:00:00,1130,P,140718,0.204,47.86,46.8,48,-0.01,,20,-49.035,0.358,226.901,-24.908,-151.696,0.507,-1
,RUT 14T1130,Aug 1130 Puts,140416,16:00:00,1130,P,140815,0.206,55,54.2,55.5,-0.003,,5,-49.256,0.313,258.512,-21.9,-199.187,0.509,-1
,RUT 14U1130,Sep 1130 Puts,140416,16:00:00,1130,P,140919,0.207,63.26,62.5,63.5,-0.004,,40,-50.779,0.29,293.08,-19.24,-259.171,0.51,-1
,RUT 14X1130,Dec 1130 Puts,140416,16:00:00,1130,P,141219,0.211,81.11,80.1,81.7,-0.003,,367,-50.138,0.225,367.246,-15.141,-416.997,0.513,-1
,RUT 14D1140,Apr 1140 Calls,140416,16:00:00,1140,C,140418,0.101,0.75,0.45,1.05,0.013,3304,4120,12.844,2.74,21.129,-52.262,1.038,0.331,0.94
,RUT 14E1140,May 1140 Calls,140416,16:00:00,1140,C,140516,0.187,19.66,19.3,20.2,0.005,390,2794,44.801,0.695,128.176,-40.125,40.021,0.448,20.02
,RUT 14F1140,Jun 1140 Calls,140416,16:00:00,1140,C,140620,0.188,30.55,30.2,31.2,0.003,171,401,46.702,0.473,189.364,-27.453,88.458,0.459,29.46
,RUT 14G1140,Jul 1140 Calls,140416,16:00:00,1140,C,140718,0.191,37.25,37.1,38.3,0.012,,25,46.763,0.396,226.569,-23.324,126.85,0.462,-1
,RUT 14H1140,Aug 1140 Calls,140416,16:00:00,1140,C,140815,0.194,43.71,43.5,44.7,0.009,,,47.055,0.341,258.376,-20.843,165.006,0.464,-1
,RUT 14I1140,Sep 1140 Calls,140416,16:00:00,1140,C,140919,0.195,50.33,50.1,51.3,0.007,,65,47.09,0.293,293.138,-18.537,212.161,0.466,-1
,RUT 14L1140,Dec 1140 Calls,140416,16:00:00,1140,C,141219,0.195,64.51,63.5,65.2,-0.002,,122,47.516,0.226,367.762,-14.984,332.881,0.468,-1
,RUT 14P1140,Apr 1140 Puts,140416,16:00:00,1140,P,140418,0.142,9.92,8,11.9,0.003,273,1834,-88.612,2.28,26.474,-100.887,-4.722,0.669,9.94
,RUT 14Q1140,May 1140 Puts,140416,16:00:00,1140,P,140516,0.197,30.79,30,31.2,-0.006,121,3862,-55.175,0.641,128.364,-42.634,-53.315,0.552,30.43
,RUT 14R1140,Jun 1140 Puts,140416,16:00:00,1140,P,140620,0.198,43.8,42.9,44.3,-0.005,1510,5356,-52.182,0.433,189.509,-29.053,-114.025,0.541,43.58
,RUT 14S1140,Jul 1140 Puts,140416,16:00:00,1140,P,140718,0.2,52.57,51.3,52.7,-0.011,,20,-52.575,0.363,226.72,-24.42,-162.876,0.538,-1
,RUT 14T1140,Aug 1140 Puts,140416,16:00:00,1140,P,140815,0.202,59.7,58.8,60.2,-0.003,,5,-52.334,0.317,258.479,-21.51,-212.119,0.536,-1
,RUT 14U1140,Sep 1140 Puts,140416,16:00:00,1140,P,140919,0.204,68.11,67,68.1,-0.008,,32,-53.605,0.29,293.226,-18.926,-273.979,0.534,-1
,RUT 14X1140,Dec 1140 Puts,140416,16:00:00,1140,P,141219,0.208,85.96,84.8,86.4,-0.004,,74,-52.333,0.227,367.78,-14.95,-436.065,0.532,-1
,RUT 14D1150,Apr 1150 Calls,140416,16:00:00,1150,C,140418,0.131,0.23,0.2,0.25,0,2032,4862,0.913,0.364,8.762,-20.32,0.31,0.166,0.25
,RUT 14E1150,May 1150 Calls,140416,16:00:00,1150,C,140516,0.182,15.13,14.6,15.7,0.002,299,1696,37.848,0.684,123.48,-37.559,34.14,0.394,15.39
,RUT 14F1150,Jun 1150 Calls,140416,16:00:00,1150,C,140620,0.183,25.71,25.1,26.3,-0.002,522,3490,41.981,0.474,186.312,-26.322,80.119,0.422,24.93
,RUT 14G1150,Jul 1150 Calls,140416,16:00:00,1150,C,140718,0.186,32.39,32,33.1,0.004,4,13,42.833,0.396,224.157,-22.525,117.178,0.431,31.78
,RUT 14H1150,Aug 1150 Calls,140416,16:00:00,1150,C,140815,0.19,38.77,38.4,39.6,0.006,,2,43.679,0.342,256.47,-20.326,154.407,0.437,-1
,RUT 14I1150,Sep 1150 Calls,140416,16:00:00,1150,C,140919,0.192,45.36,45,46,0.003,,1166,44.203,0.294,291.635,-18.142,200.504,0.442,-1
,RUT 14L1150,Dec 1150 Calls,140416,16:00:00,1150,C,141219,0.193,59.53,58.4,60.1,-0.005,,515,45.292,0.227,366.971,-14.74,319.117,0.449,-1
,RUT 14P1150,Apr 1150 Puts,140416,16:00:00,1150,P,140418,0.203,19.4,17.4,21.6,0.004,211,3591,-98.265,0.218,18.88,-92.157,-5.423,0.834,18.85
,RUT 14Q1150,May 1150 Puts,140416,16:00:00,1150,P,140516,0.192,36.21,35.2,36.9,-0.004,66,1810,-61.57,0.631,124.324,-40.293,-59.615,0.606,36.04
,RUT 14R1150,Jun 1150 Puts,140416,16:00:00,1150,P,140620,0.194,48.84,47.7,49.3,-0.007,20,5513,-56.508,0.437,186.887,-27.954,-123.626,0.578,48.9
,RUT 14S1150,Jul 1150 Puts,140416,16:00:00,1150,P,140718,0.196,57.64,56.1,57.6,-0.014,,1,-56.172,0.364,224.768,-23.68,-174.333,0.569,-1
,RUT 14T1150,Aug 1150 Puts,140416,16:00:00,1150,P,140815,0.198,64.7,63.5,65,-0.007,,,-55.459,0.318,256.898,-20.939,-225.357,0.563,-1
,RUT 14U1150,Sep 1150 Puts,140416,16:00:00,1150,P,140919,0.201,73.23,71.8,73.3,-0.009,,1055,-56.444,0.289,292.059,-18.579,-289.048,0.558,-1
,RUT 14X1150,Dec 1150 Puts,140416,16:00:00,1150,P,141219,0.206,91.02,89.7,91.3,-0.006,,343,-54.538,0.226,367.299,-14.728,-455.445,0.551,-1
,RUT 14D1160,Apr 1160 Calls,140416,16:00:00,1160,C,140418,,0.2,0.1,0.15,,761,2273,0,0.01,6.383,-18.662,0.21,0.067,0.19
,RUT 14E1160,May 1160 Calls,140416,16:00:00,1160,C,140516,0.176,11.31,10.7,11.6,-0.012,289,938,31.021,0.647,115.084,-33.742,28.287,0.343,11.54
,RUT 14F1160,Jun 1160 Calls,140416,16:00:00,1160,C,140620,0.179,21.36,20.6,21.7,-0.009,79,780,37.241,0.466,180.676,-24.929,71.636,0.386,21.44
,RUT 14G1160,Jul 1160 Calls,140416,16:00:00,1160,C,140718,0.183,27.93,27.4,28.5,-0.001,2,11,38.892,0.391,219.636,-21.655,107.337,0.401,26.91
,RUT 14H1160,Aug 1160 Calls,140416,16:00:00,1160,C,140815,0.187,34.17,33.6,34.8,0.001,,,40.284,0.34,252.769,-19.624,143.586,0.411,-1
,RUT 14I1160,Sep 1160 Calls,140416,16:00:00,1160,C,140919,0.188,40.68,39.9,41.2,-0.003,,31,41.297,0.293,288.579,-17.607,188.589,0.418,-1
,RUT 14L1160,Dec 1160 Calls,140416,16:00:00,1160,C,141219,0.191,54.78,53.6,55.2,-0.007,,177,43.054,0.227,364.981,-14.487,305.056,0.431,-1
,RUT 14P1160,Apr 1160 Puts,140416,16:00:00,1160,P,140418,,29.27,27.3,31.8,0.008,51,2453,-99.636,0.072,15.103,-84.992,-5.717,0.933,28.73
,RUT 14Q1160,May 1160 Puts,140416,16:00:00,1160,P,140516,0.185,42.29,40.8,42.8,-0.011,12,1139,-67.878,0.602,117.019,-36.373,-65.915,0.657,42.39
,RUT 14R1160,Jun 1160 Puts,140416,16:00:00,1160,P,140620,0.189,54.32,53.2,54.8,-0.006,15,1154,-60.9,0.436,181.914,-26.599,-133.425,0.614,54.02
,RUT 14S1160,Jul 1160 Puts,140416,16:00:00,1160,P,140718,0.193,63.07,61.4,62.9,-0.01,1,6,-59.793,0.362,220.974,-22.942,-185.977,0.599,67.9
,RUT 14T1160,Aug 1160 Puts,140416,16:00:00,1160,P,140815,0.196,70.03,68.8,70.4,-0.006,,,-58.61,0.317,253.707,-20.406,-238.823,0.589,-1
,RUT 14U1160,Sep 1160 Puts,140416,16:00:00,1160,P,140919,0.198,78.64,76.8,78.6,-0.012,,1667,-59.277,0.286,289.555,-18.101,-304.296,0.582,-1
,RUT 14X1160,Dec 1160 Puts,140416,16:00:00,1160,P,141219,0.204,96.31,94.9,96.6,-0.006,,18,-56.746,0.225,365.787,-14.499,-475.064,0.569,-1
,RUT 14D1170,Apr 1170 Calls,140416,16:00:00,1170,C,140418,,0.21,,0.15,,404,1733,0,0.004,5.383,-19.247,0.171,0.022,0.1
,RUT 14E1170,May 1170 Calls,140416,16:00:00,1170,C,140516,0.17,8.18,7.6,8.3,-0.027,248,1485,24.574,0.588,103.383,-29.207,22.684,0.295,8.1
,RUT 14F1170,Jun 1170 Calls,140416,16:00:00,1170,C,140620,0.175,17.5,16.7,17.8,-0.018,22,3761,32.56,0.451,172.475,-23.14,63.154,0.352,16.02
,RUT 14G1170,Jul 1170 Calls,140416,16:00:00,1170,C,140718,0.179,23.87,23.2,24.2,-0.007,,41,34.983,0.382,213.003,-20.533,97.44,0.372,-1
,RUT 14H1170,Aug 1170 Calls,140416,16:00:00,1170,C,140815,0.183,29.92,29.2,30.3,-0.006,,5,36.898,0.335,247.25,-18.85,132.635,0.385,-1
,RUT 14I1170,Sep 1170 Calls,140416,16:00:00,1170,C,140919,0.186,36.3,35.6,36.6,-0.006,,375,38.388,0.29,283.937,-17.08,176.491,0.395,-1
,RUT 14L1170,Dec 1170 Calls,140416,16:00:00,1170,C,141219,0.189,50.26,49.1,50.7,-0.007,,2609,40.808,0.227,361.767,-14.19,290.747,0.412,-1
,RUT 14P1170,Apr 1170 Puts,140416,16:00:00,1170,P,140418,,39.22,37.2,41.8,0.007,34,887,-100,0.031,12.943,-85.054,-5.892,0.978,39.39
,RUT 14Q1170,May 1170 Puts,140416,16:00:00,1170,P,140516,0.18,49.01,47.3,49.6,-0.011,37,709,-73.909,0.556,106.703,-31.952,-72.043,0.705,49.22
,RUT 14R1170,Jun 1170 Puts,140416,16:00:00,1170,P,140620,0.186,60.25,59.1,60.7,-0.003,1,1804,-65.303,0.429,174.538,-25.009,-143.312,0.648,63.7
,RUT 14S1170,Jul 1170 Puts,140416,16:00:00,1170,P,140718,0.189,68.87,67,68.8,-0.014,,8,-63.405,0.356,215.312,-21.763,-197.722,0.628,-1
,RUT 14T1170,Aug 1170 Puts,140416,16:00:00,1170,P,140815,0.193,75.68,74.3,76,-0.007,,,-61.764,0.314,248.871,-19.637,-252.444,0.615,-1
,RUT 14U1170,Sep 1170 Puts,140416,16:00:00,1170,P,140919,0.196,84.34,82.1,84.2,-0.014,,278,-62.086,0.281,285.707,-17.593,-319.656,0.605,-1
,RUT 14X1170,Dec 1170 Puts,140416,16:00:00,1170,P,141219,0.202,101.81,100.2,102,-0.007,,101,-58.947,0.223,363.231,-14.191,-494.872,0.588,-1
,RUT 14D1180,Apr 1180 Calls,140416,16:00:00,1180,C,140418,,0.22,0.05,0.2,,627,3322,0,0.002,4.818,-20.362,0.15,0.006,0.15
,RUT 14E1180,May 1180 Calls,140416,16:00:00,1180,C,140516,0.165,5.71,5.1,5.7,-0.054,371,1372,18.741,0.51,89.181,-24.016,17.54,0.251,5.36
,RUT 14F1180,Jun 1180 Calls,140416,16:00:00,1180,C,140620,0.171,14.11,13.2,14.1,-0.03,13,1935,28.02,0.429,161.867,-21.155,54.827,0.319,14.23
,RUT 14G1180,Jul 1180 Calls,140416,16:00:00,1180,C,140718,0.176,20.21,19.4,20.5,-0.013,,12,31.154,0.369,204.329,-19.304,87.61,0.344,-1
,RUT 14H1180,Aug 1180 Calls,140416,16:00:00,1180,C,140815,0.18,26.01,25.3,26.3,-0.008,,5,33.55,0.327,239.93,-17.955,121.654,0.36,-1
,RUT 14I1180,Sep 1180 Calls,140416,16:00:00,1180,C,140919,0.182,32.21,31.3,32.3,-0.013,,310,35.492,0.286,277.704,-16.367,164.287,0.373,-1
,RUT 14L1180,Dec 1180 Calls,140416,16:00:00,1180,C,141219,0.186,45.96,44.6,46.2,-0.012,,139,38.563,0.225,357.315,-13.808,276.246,0.394,-1
,RUT 14P1180,Apr 1180 Puts,140416,16:00:00,1180,P,140418,,49.22,47.3,52,0.008,35,2317,-100,0.016,11.58,-86.944,-6.018,0.994,49.1
,RUT 14Q1180,May 1180 Puts,140416,16:00:00,1180,P,140516,0.181,56.35,55.1,57.6,0,26,635,-79.473,0.493,93.946,-28.542,-77.826,0.749,56.51
,RUT 14R1180,Jun 1180 Puts,140416,16:00:00,1180,P,140620,0.183,66.64,65.4,67.5,0,8,1887,-69.654,0.415,164.811,-23.228,-153.16,0.681,70.22
,RUT 14S1180,Jul 1180 Puts,140416,16:00:00,1180,P,140718,0.186,75.04,73.1,75.1,-0.013,,6,-66.974,0.347,207.809,-20.61,-209.472,0.656,-1
,RUT 14T1180,Aug 1180 Puts,140416,16:00:00,1180,P,140815,0.19,81.64,80.2,82.1,-0.006,,,-64.901,0.308,242.386,-18.808,-266.141,0.64,-1
,RUT 14U1180,Sep 1180 Puts,140416,16:00:00,1180,P,140919,0.193,90.32,87.7,90.3,-0.015,,1002,-64.856,0.274,280.533,-17.008,-335.054,0.627,-1
,RUT 14X1180,Dec 1180 Puts,140416,16:00:00,1180,P,141219,0.199,107.54,105.6,107.7,-0.008,,16,-61.135,0.22,359.63,-13.844,-514.817,0.606,-1
,RUT 14D1190,Apr 1190 Calls,140416,16:00:00,1190,C,140418,,0.23,,0.05,,162,3755,0,0.001,4.459,-21.736,0.136,0.001,0.05
,RUT 14E1190,May 1190 Calls,140416,16:00:00,1190,C,140516,0.16,3.84,3.3,3.7,-0.086,950,3037,13.705,0.421,73.601,-18.826,13.029,0.211,3.68
,RUT 14F1190,Jun 1190 Calls,140416,16:00:00,1190,C,140620,0.166,11.2,10.2,11.1,-0.053,110,1309,23.701,0.399,149.145,-18.777,46.811,0.287,9.9
,RUT 14G1190,Jul 1190 Calls,140416,16:00:00,1190,C,140718,0.172,16.94,16,17,-0.028,8,28,27.449,0.351,193.763,-17.854,77.972,0.316,15.68
,RUT 14H1190,Aug 1190 Calls,140416,16:00:00,1190,C,140815,0.178,22.45,21.7,22.7,-0.011,,,30.269,0.316,230.879,-17.011,110.748,0.335,-1
,RUT 14I1190,Sep 1190 Calls,140416,16:00:00,1190,C,140919,0.179,28.42,27.3,28.4,-0.02,,95,32.629,0.28,269.905,-15.621,152.064,0.351,-1
,RUT 14L1190,Dec 1190 Calls,140416,16:00:00,1190,C,141219,0.184,41.89,40.5,42.1,-0.014,,92,36.326,0.223,351.622,-13.424,261.611,0.377,-1
,RUT 14P1190,Apr 1190 Puts,140416,16:00:00,1190,P,140418,,59.24,57.1,61.4,0.001,11,3147,-100,0.009,10.654,-89.911,-6.119,0.999,60.48
,RUT 14Q1190,May 1190 Puts,140416,16:00:00,1190,P,140516,0.178,64.27,62.6,65.5,0.001,31,769,-84.36,0.415,79.571,-23.85,-83.114,0.789,69.85
,RUT 14R1190,Jun 1190 Puts,140416,16:00:00,1190,P,140620,0.179,73.48,72.4,74.7,0.001,,2859,-73.886,0.395,152.9,-21.136,-162.834,0.713,-1
,RUT 14S1190,Jul 1190 Puts,140416,16:00:00,1190,P,140718,0.183,81.58,79.6,81.8,-0.011,,,-70.464,0.334,198.548,-19.307,-221.127,0.684,-1
,RUT 14T1190,Aug 1190 Puts,140416,16:00:00,1190,P,140815,0.186,87.94,86.4,88.4,-0.006,,,-67.996,0.3,234.288,-17.809,-279.829,0.665,-1
,RUT 14U1190,Sep 1190 Puts,140416,16:00:00,1190,P,140919,0.19,96.58,93.6,96.5,-0.016,,191,-67.569,0.266,274.075,-16.299,-350.419,0.649,-1
,RUT 14X1190,Dec 1190 Puts,140416,16:00:00,1190,P,141219,0.197,113.48,111.3,113.7,-0.009,,35,-63.3,0.217,354.991,-13.459,-534.846,0.623,-1
,RUT 14D1200,Apr 1200 Calls,140416,16:00:00,1200,C,140418,,0.25,,0.05,,58,6572,0,0.001,4.214,-23.255,0.128,0,-1
,RUT 14E1200,May 1200 Calls,140416,16:00:00,1200,C,140516,0.156,2.47,2.05,2.4,-0.101,312,2594,9.572,0.329,57.901,-14.172,9.263,0.175,2.16
,RUT 14F1200,Jun 1200 Calls,140416,16:00:00,1200,C,140620,0.162,8.73,7.8,8.5,-0.068,63,2099,19.676,0.363,134.737,-16.429,39.251,0.258,7.94
,RUT 14G1200,Jul 1200 Calls,140416,16:00:00,1200,C,140718,0.169,14.06,13.1,14.1,-0.035,23,32,23.912,0.33,181.526,-16.426,68.649,0.29,12.93
,RUT 14H1200,Aug 1200 Calls,140416,16:00:00,1200,C,140815,0.175,19.22,18.5,19.4,-0.014,,20,27.084,0.303,220.214,-15.974,100.022,0.312,-1
,RUT 14I1200,Sep 1200 Calls,140416,16:00:00,1200,C,140919,0.177,24.93,23.9,24.9,-0.021,,187,29.816,0.272,260.595,-14.855,139.908,0.33,-1
,RUT 14L1200,Dec 1200 Calls,140416,16:00:00,1200,C,141219,0.181,38.05,36.6,38.2,-0.017,,745,34.104,0.22,344.7,-12.956,246.904,0.359,-1
,RUT 14P1200,Apr 1200 Puts,140416,16:00:00,1200,P,140418,,69.27,67.1,71.8,0.002,26,4812,-100,0.006,9.991,-93.55,-6.205,1,68.76
,RUT 14Q1200,May 1200 Puts,140416,16:00:00,1200,P,140516,0.178,72.69,71.6,74.3,0.004,33,303,-88.534,0.341,64.549,-19.979,-87.8,0.825,74.14
,RUT 14R1200,Jun 1200 Puts,140416,16:00:00,1200,P,140620,0.177,80.77,79.8,82.4,0.004,190,2418,-77.928,0.369,139.102,-19.145,-172.193,0.742,81.61
,RUT 14S1200,Jul 1200 Puts,140416,16:00:00,1200,P,140718,0.18,88.47,86.6,88.9,-0.008,,7,-73.839,0.318,187.672,-17.952,-232.586,0.71,-1
,RUT 14T1200,Aug 1200 Puts,140416,16:00:00,1200,P,140815,0.184,94.55,93,95.1,-0.005,,,-71.026,0.29,224.649,-16.835,-293.419,0.688,-1
,RUT 14U1200,Sep 1200 Puts,140416,16:00:00,1200,P,140919,0.188,103.12,99.8,103.2,-0.015,5,138,-70.209,0.256,266.398,-15.575,-365.676,0.67,102.44
,RUT 14X1200,Dec 1200 Puts,140416,16:00:00,1200,P,141219,0.195,119.65,117.3,119.7,-0.01,,52,-65.435,0.213,349.336,-13.037,-554.903,0.641,-1
,RUT 14D1210,Apr 1210 Calls,140416,16:00:00,1210,C,140418,,0.26,,0.05,,90,1510,0,0,4.037,-24.863,0.121,0,0.05
,RUT 14E1210,May 1210 Calls,140416,16:00:00,1210,C,140516,0.153,1.52,1.25,1.45,-0.105,461,1952,6.361,0.243,43.268,-10.203,6.28,0.143,1.48
,RUT 14F1210,Jun 1210 Calls,140416,16:00:00,1210,C,140620,0.158,6.67,5.7,6.4,-0.094,50,1149,16.009,0.322,119.175,-13.936,32.279,0.23,5.75
,RUT 14G1210,Jul 1210 Calls,140416,16:00:00,1210,C,140718,0.166,11.54,10.6,11.5,-0.042,,37,20.583,0.305,167.909,-14.84,59.754,0.266,-1
,RUT 14H1210,Aug 1210 Calls,140416,16:00:00,1210,C,140815,0.172,16.33,15.5,16.4,-0.023,,,24.024,0.287,208.1,-14.731,89.582,0.289,-1
,RUT 14I1210,Sep 1210 Calls,140416,16:00:00,1210,C,140919,0.174,21.72,20.6,21.7,-0.026,,43,27.072,0.262,249.863,-13.969,127.911,0.31,-1
,RUT 14L1210,Dec 1210 Calls,140416,16:00:00,1210,C,141219,0.179,34.43,33,34.6,-0.018,,75,31.906,0.216,336.572,-12.492,232.188,0.342,-1
,RUT 14P1210,Apr 1210 Puts,140416,16:00:00,1210,P,140418,,79.3,77.1,81.3,0,41,719,-100,0.004,9.497,-97.634,-6.283,1,81.46
,RUT 14Q1210,May 1210 Puts,140416,16:00:00,1210,P,140516,0.183,81.54,80.8,83.8,0.01,2,202,-91.954,0.267,49.911,-17.739,-91.815,0.857,82.63
,RUT 14R1210,Jun 1210 Puts,140416,16:00:00,1210,P,140620,0.175,88.48,87.7,90.4,0.006,,210,-81.715,0.337,123.833,-17.064,-181.102,0.77,-1
,RUT 14S1210,Jul 1210 Puts,140416,16:00:00,1210,P,140718,0.176,95.72,93.5,96,-0.01,,5,-77.065,0.299,175.378,-16.202,-243.748,0.734,-1
,RUT 14T1210,Aug 1210 Puts,140416,16:00:00,1210,P,140815,0.182,101.48,100,102.3,-0.003,,,-73.967,0.278,213.585,-15.781,-306.82,0.711,-1
,RUT 14U1210,Sep 1210 Puts,140416,16:00:00,1210,P,140919,0.184,109.93,106,109.8,-0.018,,20,-72.761,0.245,257.589,-14.627,-380.757,0.69,-1
,RUT 14X1210,Dec 1210 Puts,140416,16:00:00,1210,P,141219,0.194,126.03,123.4,126.5,-0.009,,20,-67.533,0.208,342.695,-12.664,-574.934,0.658,-1
,RUT 14D1220,Apr 1220 Calls,140416,16:00:00,1220,C,140418,,0.28,,0.1,,2,3719,0,0,3.904,-26.529,0.116,0,-1
,RUT 14E1220,May 1220 Calls,140416,16:00:00,1220,C,140516,0.153,0.89,0.75,0.95,-0.045,118,1834,4.026,0.164,30.604,-7.346,4.046,0.116,0.92
,RUT 14F1220,Jun 1220 Calls,140416,16:00:00,1220,C,140620,0.155,5,4.1,4.8,-0.11,33,3473,12.746,0.279,103.059,-11.662,25.997,0.204,4.53
,RUT 14G1220,Jul 1220 Calls,140416,16:00:00,1220,C,140718,0.163,9.36,8.2,9.3,-0.065,,23,17.495,0.278,153.256,-13.129,51.392,0.242,-1
,RUT 14H1220,Aug 1220 Calls,140416,16:00:00,1220,C,140815,0.169,13.75,12.8,13.8,-0.033,,,21.114,0.269,194.749,-13.491,79.527,0.268,-1
,RUT 14I1220,Sep 1220 Calls,140416,16:00:00,1220,C,140919,0.172,18.8,17.7,18.8,-0.029,,2215,24.414,0.251,237.829,-13.085,116.161,0.29,-1
,RUT 14L1220,Dec 1220 Calls,140416,16:00:00,1220,C,141219,0.177,31.04,29.3,31.3,-0.024,,457,29.74,0.211,327.281,-11.948,217.53,0.326,-1
,RUT 14P1220,Apr 1220 Puts,140416,16:00:00,1220,P,140418,,89.35,87.1,91.4,0.002,6,437,-100,0.003,9.116,-102.026,-6.356,1,95.16
,RUT 14Q1220,May 1220 Puts,140416,16:00:00,1220,P,140516,0.195,90.74,90,93.3,0.015,2,124,-94.618,0.198,36.589,-17.323,-95.147,0.884,100.8
,RUT 14R1220,Jun 1220 Puts,140416,16:00:00,1220,P,140620,0.174,96.6,95.9,98.8,0.008,2,82,-85.185,0.301,107.619,-15.141,-189.433,0.796,98.41
,RUT 14S1220,Jul 1220 Puts,140416,16:00:00,1220,P,140718,0.174,103.31,101.2,104,-0.007,,8,-80.11,0.276,161.921,-14.763,-254.52,0.758,-1
,RUT 14T1220,Aug 1220 Puts,140416,16:00:00,1220,P,140815,0.179,108.71,107.2,109.7,-0.002,,,-76.797,0.263,201.249,-14.598,-319.945,0.732,-1
,RUT 14U1220,Sep 1220 Puts,140416,16:00:00,1220,P,140919,0.182,117,112.8,117,-0.018,,,-75.213,0.233,247.756,-13.791,-395.592,0.71,-1
,RUT 14X1220,Dec 1220 Puts,140416,16:00:00,1220,P,141219,0.192,132.62,129.9,133.2,-0.008,,,-69.587,0.202,335.111,-12.22,-594.884,0.674,-1
,RUT 14D1230,Apr 1230 Calls,140416,16:00:00,1230,C,140418,,0.3,,0.05,,2,3489,0,0,3.802,-28.235,0.113,0,-1
,RUT 14E1230,May 1230 Calls,140416,16:00:00,1230,C,140516,0.151,0.49,0.4,0.6,0.02,135,2485,2.42,0.109,20.361,-5.01,2.459,0.093,0.59
,RUT 14F1230,Jun 1230 Calls,140416,16:00:00,1230,C,140620,0.154,3.67,3.1,3.6,-0.087,89,562,9.915,0.236,87.009,-9.855,20.475,0.181,3.39
,RUT 14G1230,Jul 1230 Calls,140416,16:00:00,1230,C,140718,0.16,7.5,6.4,7.4,-0.079,23,145,14.674,0.249,137.948,-11.487,43.646,0.22,7.16
,RUT 14H1230,Aug 1230 Calls,140416,16:00:00,1230,C,140815,0.166,11.48,10.5,11.4,-0.046,,,18.378,0.249,180.409,-12.212,69.95,0.247,-1
,RUT 14I1230,Sep 1230 Calls,140416,16:00:00,1230,C,140919,0.169,16.16,15,16.1,-0.038,,35,21.86,0.238,224.645,-12.158,104.746,0.271,-1
,RUT 14L1230,Dec 1230 Calls,140416,16:00:00,1230,C,141219,0.175,27.87,26.5,28.1,-0.02,,35,27.614,0.206,316.879,-11.461,202.997,0.31,-1
,RUT 14P1230,Apr 1230 Puts,140416,16:00:00,1230,P,140418,,99.39,97.1,101.8,0.002,7,311,-100,0.002,8.815,-106.638,-6.425,1,103
,RUT 14Q1230,May 1230 Puts,140416,16:00:00,1230,P,140516,,100.21,99.7,103.1,0.012,11,199,-96.582,0.138,25.277,-6.825,-97.835,0.907,101.23
,RUT 14R1230,Jun 1230 Puts,140416,16:00:00,1230,P,140620,0.174,105.07,104.6,107.7,0.01,,135,-88.286,0.262,91.063,-13.43,-197.085,0.819,-1
,RUT 14S1230,Jul 1230 Puts,140416,16:00:00,1230,P,140718,0.175,111.21,109.6,112.4,-0.002,,18,-82.91,0.25,147.585,-13.605,-264.82,0.78,-1
,RUT 14T1230,Aug 1230 Puts,140416,16:00:00,1230,P,140815,0.178,116.24,114.7,117.1,0,3,,-79.493,0.247,187.831,-13.569,-332.706,0.753,122.2
,RUT 14U1230,Sep 1230 Puts,140416,16:00:00,1230,P,140919,0.18,124.33,120,124.5,-0.017,,33,-77.55,0.22,237.024,-12.915,-410.118,0.729,-1
,RUT 14X1230,Dec 1230 Puts,140416,16:00:00,1230,P,141219,0.19,139.42,136.2,139.9,-0.01,,10,-71.589,0.196,326.635,-11.66,-614.7,0.69,-1
,RUT 14D1240,Apr 1240 Calls,140416,16:00:00,1240,C,140418,,0.31,,0.05,,21,4940,0,0,3.722,-29.969,0.11,0,-1
,RUT 14E1240,May 1240 Calls,140416,16:00:00,1240,C,140516,0.155,0.26,0.3,0.4,0.346,173,2531,1.363,0.067,12.662,-3.851,1.4,0.073,0.38
,RUT 14F1240,Jun 1240 Calls,140416,16:00:00,1240,C,140620,0.152,2.63,2.15,2.7,-0.076,64,3360,7.525,0.193,71.613,-7.943,15.746,0.159,2.6
,RUT 14G1240,Jul 1240 Calls,140416,16:00:00,1240,C,140718,0.158,5.94,4.9,6,-0.082,14,71,12.138,0.22,122.383,-10.032,36.583,0.199,5.35
,RUT 14H1240,Aug 1240 Calls,140416,16:00:00,1240,C,140815,0.164,9.49,8.5,9.5,-0.052,,2,15.835,0.228,165.359,-10.988,60.931,0.227,-1
,RUT 14I1240,Sep 1240 Calls,140416,16:00:00,1240,C,140919,0.166,13.79,12.7,13.7,-0.043,,111,19.426,0.224,210.489,-11.143,93.751,0.253,-1
,RUT 14L1240,Dec 1240 Calls,140416,16:00:00,1240,C,141219,0.173,24.92,23.5,25.1,-0.025,,72,25.537,0.2,305.437,-10.903,188.655,0.295,-1
,RUT 14P1240,Apr 1240 Puts,140416,16:00:00,1240,P,140418,,109.44,105.8,113.3,0.001,,312,-100,0.002,8.574,-111.413,-6.49,1,-1
,RUT 14Q1240,May 1240 Puts,140416,16:00:00,1240,P,140516,,109.89,109.6,112.9,0.012,,100,-97.942,0.09,16.344,-4.366,-99.96,0.927,-1
,RUT 14R1240,Jun 1240 Puts,140416,16:00:00,1240,P,140620,0.174,113.88,113.6,116.8,0.012,,57,-90.983,0.221,74.8,-11.876,-203.982,0.841,-1
,RUT 14S1240,Jul 1240 Puts,140416,16:00:00,1240,P,140718,0.173,119.41,117.7,120.7,0,7,8,-85.488,0.226,132.681,-12.216,-274.581,0.801,123.2
,RUT 14T1240,Aug 1240 Puts,140416,16:00:00,1240,P,140815,0.177,124.06,122.9,125.6,0.002,,2,-82.022,0.227,173.554,-12.449,-345.025,0.773,-1
,RUT 14U1240,Sep 1240 Puts,140416,16:00:00,1240,P,140919,0.177,131.89,127.5,131.6,-0.018,,20,-79.765,0.206,225.532,-11.892,-424.278,0.747,-1
,RUT 14X1240,Dec 1240 Puts,140416,16:00:00,1240,P,141219,0.187,146.42,143.5,146.1,-0.011,,,-73.533,0.189,317.329,-11.073,-634.328,0.705,-1
,RUT 14D1250,Apr 1250 Calls,140416,16:00:00,1250,C,140418,,0.33,,0.05,,6,4028,0,0,3.657,-31.725,0.108,0,-1
,RUT 14E1250,May 1250 Calls,140416,16:00:00,1250,C,140516,0.156,0.12,0.2,0.25,,165,1405,0.714,0.039,7.313,-2.678,0.742,0.057,0.22
,RUT 14F1250,Jun 1250 Calls,140416,16:00:00,1250,C,140620,0.152,1.84,1.6,2.05,-0.016,28,2998,5.562,0.154,57.376,-6.546,11.807,0.139,1.56
,RUT 14G1250,Jul 1250 Calls,140416,16:00:00,1250,C,140718,0.157,4.64,3.9,4.8,-0.065,4,65,9.895,0.19,106.953,-8.713,30.245,0.18,4.22
,RUT 14H1250,Aug 1250 Calls,140416,16:00:00,1250,C,140815,0.161,7.77,6.8,7.7,-0.067,,4,13.499,0.206,149.895,-9.704,52.538,0.209,-1
,RUT 14I1250,Sep 1250 Calls,140416,16:00:00,1250,C,140919,0.165,11.67,10.8,11.7,-0.039,1,145,17.126,0.209,195.566,-10.231,83.252,0.236,10.6
,RUT 14L1250,Dec 1250 Calls,140416,16:00:00,1250,C,141219,0.172,22.19,20.9,22.5,-0.022,,276,23.516,0.193,293.038,-10.368,174.571,0.28,-1
,RUT 14P1250,Apr 1250 Puts,140416,16:00:00,1250,P,140418,,119.49,115.8,123.3,0.002,3,128,-100,0.001,8.376,-116.311,-6.554,1,124.3
,RUT 14Q1250,May 1250 Puts,140416,16:00:00,1250,P,140516,,119.7,119.4,122.8,0.012,,30,-98.822,0.055,9.816,-2.647,-101.631,0.943,-1
,RUT 14R1250,Jun 1250 Puts,140416,16:00:00,1250,P,140620,0.178,122.97,123,126.2,0.013,,30,-93.257,0.18,59.445,-10.931,-210.086,0.861,-1
,RUT 14S1250,Jul 1250 Puts,140416,16:00:00,1250,P,140718,0.174,127.89,126.4,129.6,0.003,6,,-87.834,0.202,117.546,-11.157,-283.745,0.82,133.9
,RUT 14T1250,Aug 1250 Puts,140416,16:00:00,1250,P,140815,0.173,132.14,130.7,133.7,0,,,-84.376,0.209,158.654,-11.045,-356.836,0.791,-1
,RUT 14U1250,Sep 1250 Puts,140416,16:00:00,1250,P,140919,0.179,139.69,135.7,140.8,-0.01,,18,-81.827,0.18,213.432,-11.449,-438.022,0.764,-1
,RUT 14X1250,Dec 1250 Puts,140416,16:00:00,1250,P,141219,0.186,153.62,150.6,153.6,-0.01,,30,-75.413,0.181,307.264,-10.553,-653.719,0.72,-1
,RUT 14D1260,Apr 1260 Calls,140416,16:00:00,1260,C,140418,,0.35,,0.05,,33,6647,0,0,3.605,-33.496,0.106,0,-1
,RUT 14E1260,May 1260 Calls,140416,16:00:00,1260,C,140516,,0.06,,0.2,,246,1392,0.346,0.02,3.894,-0.848,0.364,0.044,0.2
,RUT 14F1260,Jun 1260 Calls,140416,16:00:00,1260,C,140620,0.153,1.25,1.2,1.6,0.12,53,1417,4.004,0.115,44.682,-5.536,8.619,0.121,1.4
,RUT 14G1260,Jul 1260 Calls,140416,16:00:00,1260,C,140718,0.155,3.58,2.75,3.8,-0.084,1,10,7.946,0.162,92.026,-7.263,24.65,0.162,3.4
,RUT 14H1260,Aug 1260 Calls,140416,16:00:00,1260,C,140815,0.159,6.3,5.4,6.4,-0.065,24,4,11.38,0.183,134.321,-8.588,44.823,0.192,5.6
,RUT 14I1260,Sep 1260 Calls,140416,16:00:00,1260,C,140919,0.163,9.8,8.9,10,-0.036,,53,14.971,0.193,180.097,-9.318,73.317,0.219,-1
,RUT 14L1260,Dec 1260 Calls,140416,16:00:00,1260,C,141219,0.17,19.66,18.5,20.1,-0.018,,81,21.559,0.185,279.781,-9.769,160.811,0.265,-1
,RUT 14P1260,Apr 1260 Puts,140416,16:00:00,1260,P,140418,,129.54,125.8,133.3,0,,152,-100,0.001,8.213,-121.304,-6.616,1,-1
,RUT 14Q1260,May 1260 Puts,140416,16:00:00,1260,P,140516,,129.59,129.3,132.7,0.011,,77,-99.348,0.03,5.428,-1.542,-102.965,0.956,-1
,RUT 14R1260,Jun 1260 Puts,140416,16:00:00,1260,P,140620,0.181,132.3,132.4,135.7,0.013,,24,-95.112,0.142,45.535,-9.97,-215.395,0.879,-1
,RUT 14S1260,Jul 1260 Puts,140416,16:00:00,1260,P,140718,0.175,136.61,135.8,138.9,0.005,,,-89.936,0.178,102.524,-10.21,-292.27,0.838,-1
,RUT 14T1260,Aug 1260 Puts,140416,16:00:00,1260,P,140815,0.173,140.48,139.5,142.3,0.003,,,-86.554,0.19,143.396,-10.196,-368.079,0.808,-1
,RUT 14U1260,Sep 1260 Puts,140416,16:00:00,1260,P,140919,0.175,147.7,142.1,149.6,-0.013,,10,-83.665,0.166,200.848,-10.277,-451.327,0.781,-1
,RUT 14X1260,Dec 1260 Puts,140416,16:00:00,1260,P,141219,0.184,161.02,157.9,161.1,-0.009,,10,-77.223,0.173,296.519,-10.016,-672.826,0.735,-1
,RUT 14D1270,Apr 1270 Calls,140416,16:00:00,1270,C,140418,,0.37,,0.05,,265,9370,0,0,3.562,-35.28,0.104,0,-1
,RUT 14E1270,May 1270 Calls,140416,16:00:00,1270,C,140516,,0.02,0.05,0.1,,152,4108,0.153,0.01,1.897,-0.397,0.163,0.034,0.1
,RUT 14F1270,Jun 1270 Calls,140416,16:00:00,1270,C,140620,0.153,0.83,0.8,1.25,0.241,59,568,2.815,0.087,33.737,-4.4,6.107,0.105,1.05
,RUT 14G1270,Jul 1270 Calls,140416,16:00:00,1270,C,140718,0.154,2.72,2.1,3,-0.062,,18,6.281,0.135,77.92,-6.205,19.795,0.145,-1
,RUT 14H1270,Aug 1270 Calls,140416,16:00:00,1270,C,140815,0.158,5.05,4.2,5.3,-0.059,,,9.483,0.161,118.933,-7.518,37.818,0.175,-1
,RUT 14I1270,Sep 1270 Calls,140416,16:00:00,1270,C,140919,0.161,8.15,7.3,8.5,-0.032,1,145,12.972,0.176,164.316,-8.415,64.005,0.203,7.64
,RUT 14L1270,Dec 1270 Calls,140416,16:00:00,1270,C,141219,0.171,17.34,16.2,19.3,0.024,,79,19.672,0.177,265.777,-9.445,147.436,0.251,-1
,RUT 14P1270,Apr 1270 Puts,140416,16:00:00,1270,P,140418,,139.6,135.8,143.3,0,,7056,-100,0.001,8.076,-126.372,-6.677,1,-1
,RUT 14Q1270,May 1270 Puts,140416,16:00:00,1270,P,140516,,139.54,139.2,142.5,0.009,,33,-99.637,0.015,2.737,-0.896,-104.07,0.966,-1
,RUT 14R1270,Jun 1270 Puts,140416,16:00:00,1270,P,140620,0.187,141.82,142.1,145.5,0.014,,38,-96.568,0.107,33.476,-9.493,-219.946,0.895,-1
,RUT 14S1270,Jul 1270 Puts,140416,16:00:00,1270,P,140718,0.176,145.56,145,148.2,0.007,,,-91.789,0.153,87.944,-9.232,-300.129,0.855,-1
,RUT 14T1270,Aug 1270 Puts,140416,16:00:00,1270,P,140815,0.172,149.05,148,151.2,0.004,,,-88.546,0.171,128.053,-9.164,-378.704,0.825,-1
,RUT 14U1270,Sep 1270 Puts,140416,16:00:00,1270,P,140919,0.176,155.91,151.2,157.9,-0.009,,,-85.381,0.153,187.911,-9.647,-464.173,0.797,-1
,RUT 14X1270,Dec 1270 Puts,140416,16:00:00,1270,P,141219,0.184,168.6,165.6,169.3,-0.007,,11,-78.959,0.165,285.178,-9.562,-691.604,0.749,-1
,RUT 14D1280,Apr 1280 Calls,140416,16:00:00,1280,C,140418,,0.39,,0.05,,293,4527,0,0,3.527,-37.073,0.103,0,-1
,RUT 14E1280,May 1280 Calls,140416,16:00:00,1280,C,140516,,0.01,,0.3,,78,4376,0.062,0.004,0.838,-0.168,0.066,0.026,0.1
,RUT 14F1280,Jun 1280 Calls,140416,16:00:00,1280,C,140620,0.152,0.53,0.55,0.9,0.377,27,1708,1.915,0.064,24.631,-3.441,4.19,0.09,0.8
,RUT 14G1280,Jul 1280 Calls,140416,16:00:00,1280,C,140718,0.151,2.04,1.55,2.1,-0.103,,32,4.884,0.111,64.895,-4.877,15.655,0.13,-1
,RUT 14H1280,Aug 1280 Calls,140416,16:00:00,1280,C,140815,0.156,4,3.3,4.3,-0.05,1,13,7.806,0.14,104.008,-6.509,31.542,0.16,3.9
,RUT 14I1280,Sep 1280 Calls,140416,16:00:00,1280,C,140919,0.16,6.72,6,7.2,-0.018,,401,11.135,0.16,148.464,-7.535,55.364,0.189,-1
,RUT 14L1280,Dec 1280 Calls,140416,16:00:00,1280,C,141219,0.167,15.22,14.2,15.8,-0.014,,195,17.863,0.168,251.146,-8.584,134.505,0.238,-1
,RUT 14P1280,Apr 1280 Puts,140416,16:00:00,1280,P,140418,,149.65,145.8,153.3,-0.001,,,-100,0.001,7.961,-131.499,-6.738,1,-1
,RUT 14Q1280,May 1280 Puts,140416,16:00:00,1280,P,140516,,149.52,149.2,152.5,0.009,,62,-99.781,0.007,1.244,-0.555,-105.034,0.974,-1
,RUT 14R1280,Jun 1280 Puts,140416,16:00:00,1280,P,140620,,151.49,151.8,155.1,0.013,,39,-97.663,0.078,23.508,-2.576,-223.812,0.91,-1
,RUT 14S1280,Jul 1280 Puts,140416,16:00:00,1280,P,140718,0.18,154.7,154.5,157.7,0.009,,,-93.397,0.13,74.109,-8.668,-307.317,0.87,-1
,RUT 14T1280,Aug 1280 Puts,140416,16:00:00,1280,P,140815,0.176,157.83,157.5,160.6,0.008,,,-90.346,0.152,112.897,-8.763,-388.675,0.84,-1
,RUT 14U1280,Sep 1280 Puts,140416,16:00:00,1280,P,140919,0.176,164.3,159.6,167,-0.006,,,-86.978,0.141,174.767,-9.023,-476.531,0.811,-1
,RUT 14X1280,Dec 1280 Puts,140416,16:00:00,1280,P,141219,0.183,176.36,173.4,177.3,-0.006,,11,-80.613,0.153,273.331,-9.053,-710.015,0.762,-1
,RUT 14D1290,Apr 1290 Calls,140416,16:00:00,1290,C,140418,,0.41,,0.05,,32,3333,0,0,3.498,-38.873,0.102,0,-1
,RUT 14E1290,May 1290 Calls,140416,16:00:00,1290,C,140516,,0,,0.3,,19,3009,0.022,0.002,0.332,-0.064,0.024,0.019,0.03
,RUT 14F1290,Jun 1290 Calls,140416,16:00:00,1290,C,140620,0.15,0.33,0.4,0.6,0.515,6,324,1.258,0.045,17.346,-2.555,2.775,0.078,0.6
,RUT 14G1290,Jul 1290 Calls,140416,16:00:00,1290,C,140718,0.155,1.5,1.15,2.15,0.1,,36,3.753,0.086,53.127,-4.574,12.184,0.116,-1
,RUT 14H1290,Aug 1290 Calls,140416,16:00:00,1290,C,140815,0.156,3.14,2.55,3.6,-0.019,,16,6.346,0.12,89.795,-5.693,25.994,0.146,-1
,RUT 14I1290,Sep 1290 Calls,140416,16:00:00,1290,C,140919,0.156,5.49,4.9,5.5,-0.053,,141,9.464,0.143,132.778,-6.513,47.427,0.174,-1
,RUT 14L1290,Dec 1290 Calls,140416,16:00:00,1290,C,141219,0.168,13.29,12.4,15.1,0.035,,85,16.138,0.159,236.021,-8.253,122.074,0.225,-1
,RUT 14P1290,Apr 1290 Puts,140416,16:00:00,1290,P,140418,,159.71,155.8,163.3,-0.001,,1,-100,0.001,7.863,-136.675,-6.797,1,-1
,RUT 14Q1290,May 1290 Puts,140416,16:00:00,1290,P,140516,,159.51,159.2,162.6,0.009,,17,-99.846,0.003,0.504,-0.396,-105.92,0.981,-1
,RUT 14R1290,Jun 1290 Puts,140416,16:00:00,1290,P,140620,,161.28,161.6,164.9,0.012,,31,-98.449,0.053,15.682,-1.686,-227.088,0.922,-1
,RUT 14S1290,Jul 1290 Puts,140416,16:00:00,1290,P,140718,0.181,164.02,163.9,167.2,0.009,,,-94.765,0.108,61.277,-7.93,-313.844,0.884,-1
,RUT 14T1290,Aug 1290 Puts,140416,16:00:00,1290,P,140815,0.176,166.81,166.6,169.8,0.008,,,-91.951,0.133,98.192,-7.925,-397.971,0.854,-1
,RUT 14U1290,Sep 1290 Puts,140416,16:00:00,1290,P,140919,0.175,172.86,168.3,175.8,-0.005,,1,-88.453,0.128,161.56,-8.231,-488.383,0.826,-1
,RUT 14X1290,Dec 1290 Puts,140416,16:00:00,1290,P,141219,0.181,184.29,181.3,185.2,-0.006,,2,-82.122,0.139,261.059,-8.441,-728.034,0.775,-1
,RUT 14D1300,Apr 1300 Calls,140416,16:00:00,1300,C,140418,,0.42,,0.05,,,2204,0,0,3.473,-40.68,0.101,0,-1
,RUT 14E1300,May 1300 Calls,140416,16:00:00,1300,C,140516,,0,,0.5,,44,1532,0.007,0.001,0.117,-0.021,0.008,0.014,0.05
,RUT 14F1300,Jun 1300 Calls,140416,16:00:00,1300,C,140620,0.153,0.2,0.2,0.6,1,2,1642,0.796,0.03,11.751,-2.167,1.769,0.066,0.5
,RUT 14G1300,Jul 1300 Calls,140416,16:00:00,1300,C,140718,0.153,1.09,0.85,1.55,0.101,,17,2.841,0.069,42.694,-3.649,9.317,0.103,-1
,RUT 14H1300,Aug 1300 Calls,140416,16:00:00,1300,C,140815,0.155,2.43,2.05,2.9,0.016,,10,5.091,0.101,76.501,-4.887,21.157,0.132,-1
,RUT 14I1300,Sep 1300 Calls,140416,16:00:00,1300,C,140919,0.156,4.44,4,4.8,-0.007,1,650,7.961,0.127,117.483,-5.823,40.215,0.161,4.6
,RUT 14L1300,Dec 1300 Calls,140416,16:00:00,1300,C,141219,0.164,11.54,10.8,12.4,0.005,,249,14.501,0.149,220.54,-7.484,110.192,0.212,-1
,RUT 14P1300,Apr 1300 Puts,140416,16:00:00,1300,P,140418,,169.76,165.2,172.8,-0.004,,2,-100,0.001,7.779,-141.89,-6.856,1,-1
,RUT 14Q1300,May 1300 Puts,140416,16:00:00,1300,P,140516,,169.51,169.2,172.6,0.008,,,-99.871,0.001,0.179,-0.331,-106.767,0.986,-1
,RUT 14R1300,Jun 1300 Puts,140416,16:00:00,1300,P,140620,,171.16,171.4,174.8,0.011,,48,-98.983,0.035,9.876,-1.051,-229.885,0.934,-1
,RUT 14S1300,Jul 1300 Puts,140416,16:00:00,1300,P,140718,0.185,173.49,173.6,176.9,0.01,,,-95.908,0.088,49.652,-7.515,-319.737,0.897,-1
,RUT 14T1300,Aug 1300 Puts,140416,16:00:00,1300,P,140815,0.178,175.97,176,179.2,0.009,,,-93.363,0.115,84.178,-7.382,-406.585,0.868,-1
,RUT 14U1300,Sep 1300 Puts,140416,16:00:00,1300,P,140919,0.177,181.59,177.4,185.1,-0.002,,5,-89.808,0.116,148.43,-7.696,-499.716,0.839,-1
,RUT 14X1300,Dec 1300 Puts,140416,16:00:00,1300,P,141219,0.184,192.38,189.4,195,-0.001,,7,-83.551,0.132,248.436,-8.216,-745.644,0.788,-1
,RUT 14D1310,Apr 1310 Calls,140416,16:00:00,1310,C,140418,,0.44,,0.05,,40,1619,0,0,3.453,-42.491,0.1,0,-1
,RUT 14E1310,May 1310 Calls,140416,16:00:00,1310,C,140516,,0,,0.15,,10,731,0.002,0,0.036,-0.006,0.002,0.01,-1
,RUT 14F1310,Jun 1310 Calls,140416,16:00:00,1310,C,140620,,0.11,0.05,0.5,,2,1570,0.483,0.02,7.636,-0.768,1.083,0.057,0.35
,RUT 14G1310,Jul 1310 Calls,140416,16:00:00,1310,C,140718,0.154,0.78,0.65,1.3,0.244,2,18,2.111,0.054,33.647,-3.14,6.993,0.091,0.95
,RUT 14H1310,Aug 1310 Calls,140416,16:00:00,1310,C,140815,0.153,1.86,1.6,2.15,0.011,,8,4.036,0.081,64.285,-4.053,16.998,0.12,-1
,RUT 14I1310,Sep 1310 Calls,140416,16:00:00,1310,C,140919,0.156,3.55,3.2,4.3,0.056,2,83,6.624,0.111,102.791,-5.282,33.736,0.149,3.72
,RUT 14L1310,Dec 1310 Calls,140416,16:00:00,1310,C,141219,0.162,9.96,9.2,10.8,0.004,,21,12.956,0.14,204.848,-6.82,98.902,0.201,-1
,RUT 14P1310,Apr 1310 Puts,140416,16:00:00,1310,P,140418,,179.82,175.2,182.8,-0.005,,127,-100,0.001,7.707,-147.138,-6.914,1,-1
,RUT 14Q1310,May 1310 Puts,140416,16:00:00,1310,P,140516,,179.51,179.2,182.4,0.007,,,-99.88,0,0.055,-0.309,-107.597,0.99,-1
,RUT 14R1310,Jun 1310 Puts,140416,16:00:00,1310,P,140620,,181.08,181.3,184.7,0.011,,,-99.326,0.021,5.831,-0.627,-232.316,0.943,-1
,RUT 14S1310,Jul 1310 Puts,140416,16:00:00,1310,P,140718,,183.08,183.3,186.6,0.01,,,-96.843,0.071,39.371,-3.095,-325.04,0.909,-1
,RUT 14T1310,Aug 1310 Puts,140416,16:00:00,1310,P,140815,0.179,185.28,185.4,188.7,0.01,,,-94.586,0.098,71.065,-6.808,-414.525,0.88,-1
,RUT 14U1310,Sep 1310 Puts,140416,16:00:00,1310,P,140919,0.177,190.47,186.5,194.2,-0.001,,20,-91.044,0.105,135.506,-7.063,-510.522,0.851,-1
,RUT 14X1310,Dec 1310 Puts,140416,16:00:00,1310,P,141219,0.18,200.63,196.3,203.8,-0.003,,,-84.906,0.124,235.553,-7.452,-762.82,0.799,-1
,RUT 14D1320,Apr 1320 Calls,140416,16:00:00,1320,C,140418,,0.46,,0.05,,,362,0,0,3.436,-44.306,0.099,0,-1
,RUT 14E1320,May 1320 Calls,140416,16:00:00,1320,C,140516,,0,,0.05,,,716,0,0,0.01,-0.002,0.001,0.008,-1
,RUT 14F1320,Jun 1320 Calls,140416,16:00:00,1320,C,140620,0.162,0.06,0.25,0.4,,10,343,0.28,0.012,4.744,-1.838,0.634,0.048,0.3
,RUT 14G1320,Jul 1320 Calls,140416,16:00:00,1320,C,140718,0.15,0.54,0.45,0.8,0.167,,5,1.538,0.041,25.98,-2.272,5.147,0.081,-1
,RUT 14H1320,Aug 1320 Calls,140416,16:00:00,1320,C,140815,0.154,1.4,1.25,2,0.164,,5,3.168,0.067,53.23,-3.651,13.467,0.108,-1
,RUT 14I1320,Sep 1320 Calls,140416,16:00:00,1320,C,140919,0.154,2.81,2.55,3.3,0.043,,118,5.448,0.096,88.885,-4.468,27.983,0.137,-1
,RUT 14L1320,Dec 1320 Calls,140416,16:00:00,1320,C,141219,0.161,8.55,8,9.5,0.023,,313,11.508,0.13,189.091,-6.312,88.242,0.189,-1
,RUT 14P1320,Apr 1320 Puts,140416,16:00:00,1320,P,140418,,189.87,185.6,192.8,-0.004,,,-100,0.001,7.644,-152.412,-6.971,1,-1
,RUT 14Q1320,May 1320 Puts,140416,16:00:00,1320,P,140516,,189.51,189.2,192.4,0.007,,,-99.883,0,0.014,-0.304,-108.421,0.992,-1
,RUT 14R1320,Jun 1320 Puts,140416,16:00:00,1320,P,140620,,191.04,191.3,194.6,0.01,,,-99.531,0.012,3.201,-0.363,-234.485,0.952,-1
,RUT 14S1320,Jul 1320 Puts,140416,16:00:00,1320,P,140718,,192.78,193.1,196.4,0.01,,,-97.59,0.055,30.506,-2.32,-329.807,0.919,-1
,RUT 14T1320,Aug 1320 Puts,140416,16:00:00,1320,P,140815,0.182,194.73,195,198.3,0.01,,,-95.629,0.081,59.023,-6.39,-421.813,0.892,-1
,RUT 14U1320,Sep 1320 Puts,140416,16:00:00,1320,P,140919,0.178,199.48,195.9,203.6,0.001,,,-92.164,0.094,122.911,-6.627,-520.801,0.863,-1
,RUT 14X1320,Dec 1320 Puts,140416,16:00:00,1320,P,141219,0.183,209.01,205.8,212.9,0.002,,,-86.187,0.116,222.499,-7.281,-779.54,0.811,-1
,RUT 14D1330,Apr 1330 Calls,140416,16:00:00,1330,C,140418,,0.48,,0.05,,,140,0,0,3.422,-46.125,0.099,0,-1
,RUT 14E1330,May 1330 Calls,140416,16:00:00,1330,C,140516,,0,,0.6,,,160,0,0,0.002,0,0,0.005,-1
,RUT 14F1330,Jun 1330 Calls,140416,16:00:00,1330,C,140620,0.166,0.03,0.2,0.35,,12,346,0.155,0.007,2.808,-1.642,0.354,0.04,0.25
,RUT 14G1330,Jul 1330 Calls,140416,16:00:00,1330,C,140718,0.15,0.37,0.3,0.65,0.297,,,1.097,0.031,19.635,-1.819,3.71,0.071,-1
,RUT 14H1330,Aug 1330 Calls,140416,16:00:00,1330,C,140815,0.151,1.04,0.95,1.35,0.106,,7,2.45,0.054,43.396,-2.836,10.511,0.098,-1
,RUT 14I1330,Sep 1330 Calls,140416,16:00:00,1330,C,140919,0.153,2.2,2.05,2.8,0.1,,68,4.427,0.082,75.919,-3.916,22.938,0.126,-1
,RUT 14L1330,Dec 1330 Calls,140416,16:00:00,1330,C,141219,0.16,7.29,6.8,8.4,0.043,,,10.159,0.12,173.414,-5.818,78.241,0.178,-1
,RUT 14P1330,Apr 1330 Puts,140416,16:00:00,1330,P,140418,,199.93,195.6,202.8,-0.004,,,-100,0.001,7.591,-157.709,-7.029,1,-1
,RUT 14Q1330,May 1330 Puts,140416,16:00:00,1330,P,140516,,199.51,199.2,202.4,0.006,,,-99.883,0,0.003,-0.305,-109.243,0.995,-1
,RUT 14R1330,Jun 1330 Puts,140416,16:00:00,1330,P,140620,,201.02,201.2,204.6,0.009,,,-99.645,0.006,1.619,-0.211,-236.481,0.96,-1
,RUT 14S1330,Jul 1330 Puts,140416,16:00:00,1330,P,140718,,202.55,203,206.4,0.011,,,-98.174,0.042,23.059,-1.685,-334.099,0.929,-1
,RUT 14T1330,Aug 1330 Puts,140416,16:00:00,1330,P,140815,,204.29,204.7,208,0.01,,,-96.504,0.067,48.178,-2.688,-428.484,0.902,-1
,RUT 14U1330,Sep 1330 Puts,140416,16:00:00,1330,P,140919,0.18,208.62,204.3,214,0.003,,,-93.173,0.083,110.752,-6.211,-530.558,0.874,-1
,RUT 14X1330,Dec 1330 Puts,140416,16:00:00,1330,P,141219,0.18,217.53,213.8,221.3,0,,,-87.392,0.108,209.365,-6.573,-795.785,0.822,-1
,RUT 14D1340,Apr 1340 Calls,140416,16:00:00,1340,C,140418,,0.5,,1.8,2.6,,39,0,0,3.41,-47.946,0.098,0,-1
,RUT 14E1340,May 1340 Calls,140416,16:00:00,1340,C,140516,,0,,0.1,,,119,0,0,0,0,0,0.004,-1
,RUT 14F1340,Jun 1340 Calls,140416,16:00:00,1340,C,140620,0.17,0.02,0.15,0.35,,13,335,0.081,0.004,1.578,-1.533,0.188,0.034,0.2
,RUT 14G1340,Jul 1340 Calls,140416,16:00:00,1340,C,140718,0.154,0.25,0.2,0.7,0.8,2,,0.766,0.023,14.509,-1.761,2.617,0.062,0.45
,RUT 14H1340,Aug 1340 Calls,140416,16:00:00,1340,C,140815,0.154,0.76,0.7,1.35,0.342,,6,1.864,0.043,34.806,-2.619,8.075,0.088,-1
,RUT 14I1340,Sep 1340 Calls,140416,16:00:00,1340,C,140919,0.151,1.7,1.5,2.3,0.118,,200,3.558,0.068,64.01,-3.277,18.568,0.115,-1
,RUT 14L1340,Dec 1340 Calls,140416,16:00:00,1340,C,141219,0.164,6.18,5.8,8.8,0.181,,77,8.91,0.109,157.962,-5.716,68.921,0.168,-1
,RUT 14P1340,Apr 1340 Puts,140416,16:00:00,1340,P,140418,,209.99,203.4,214.6,-0.005,,,-100,0.001,7.544,-163.024,-7.086,1,-1
,RUT 14Q1340,May 1340 Puts,140416,16:00:00,1340,P,140516,,209.51,209.2,212.4,0.006,,,-99.883,0,0.001,-0.307,-110.065,0.996,-1
,RUT 14R1340,Jun 1340 Puts,140416,16:00:00,1340,P,140620,,211.01,211.3,214.7,0.009,,,-99.703,0.003,0.747,-0.131,-238.371,0.966,-1
,RUT 14S1340,Jul 1340 Puts,140416,16:00:00,1340,P,140718,,212.39,212.9,216.3,0.01,,,-98.618,0.031,16.976,-1.179,-337.984,0.938,-1
,RUT 14T1340,Aug 1340 Puts,140416,16:00:00,1340,P,140815,,213.94,214.5,217.9,0.011,,,-97.225,0.054,38.606,-2.045,-434.584,0.912,-1
,RUT 14U1340,Sep 1340 Puts,140416,16:00:00,1340,P,140919,0.182,217.87,213.7,223.7,0.004,,,-94.076,0.073,99.124,-5.871,-539.805,0.885,-1
,RUT 14X1340,Dec 1340 Puts,140416,16:00:00,1340,P,141219,0.182,226.19,223.4,230.4,0.003,,1,-88.523,0.101,196.239,-6.364,-811.543,0.832,-1
,RUT 14D1350,Apr 1350 Calls,140416,16:00:00,1350,C,140418,,0.52,,0.05,,,109,0,0,3.4,-49.769,0.098,0,-1
,RUT 14E1350,May 1350 Calls,140416,16:00:00,1350,C,140516,,0,,0.1,,,254,0,0,0,0,0,0.003,-1
,RUT 14F1350,Jun 1350 Calls,140416,16:00:00,1350,C,140620,,0.01,,0.15,,,66,0.04,0.002,0.838,-0.075,0.094,0.028,-1
,RUT 14G1350,Jul 1350 Calls,140416,16:00:00,1350,C,140718,0.149,0.16,0.1,0.4,0.562,,,0.522,0.016,10.472,-1.106,1.804,0.055,-1
,RUT 14H1350,Aug 1350 Calls,140416,16:00:00,1350,C,140815,0.151,0.55,0.55,0.9,0.327,,2,1.395,0.034,27.444,-2.012,6.102,0.079,-1
,RUT 14I1350,Sep 1350 Calls,140416,16:00:00,1350,C,140919,0.152,1.29,1.25,1.95,0.24,,127,2.822,0.057,53.231,-2.912,14.83,0.106,-1
,RUT 14L1350,Dec 1350 Calls,140416,16:00:00,1350,C,141219,0.157,5.2,4.9,6,0.048,,16,7.761,0.1,142.87,-4.698,60.298,0.158,-1
,RUT 14P1350,Apr 1350 Puts,140416,16:00:00,1350,P,140418,,220.04,213.8,224.1,-0.005,,,-100,0.001,7.504,-168.355,-7.143,1,-1
,RUT 14Q1350,May 1350 Puts,140416,16:00:00,1350,P,140516,,219.51,219.2,222.4,0.006,,,-99.883,0,0,-0.309,-110.886,0.997,-1
,RUT 14R1350,Jun 1350 Puts,140416,16:00:00,1350,P,140620,,221.01,221.1,224.5,0.008,,,-99.73,0.001,0.31,-0.093,-240.201,0.972,-1
,RUT 14S1350,Jul 1350 Puts,140416,16:00:00,1350,P,140718,,222.28,222.8,226.2,0.01,,,-98.947,0.022,12.148,-0.788,-341.528,0.945,-1
,RUT 14T1350,Aug 1350 Puts,140416,16:00:00,1350,P,140815,,223.68,224.3,227.7,0.01,,,-97.808,0.043,30.333,-1.502,-440.166,0.921,-1
,RUT 14U1350,Sep 1350 Puts,140416,16:00:00,1350,P,140919,0.182,227.22,222.2,233.4,0.004,1,,-94.877,0.064,88.107,-5.333,-548.558,0.894,234.57
,RUT 14X1350,Dec 1350 Puts,140416,16:00:00,1350,P,141219,0.185,234.96,232,240.4,0.005,,,-89.578,0.093,183.206,-6.161,-826.802,0.842,-1
,RUT 14R1360,Jun 1360 Puts,140416,16:00:00,1360,P,140620,,231.01,231.1,234.5,0.008,,,-99.741,0,0.114,-0.077,-242.001,0.976,-1
,RUT 14S1360,Jul 1360 Puts,140416,16:00:00,1360,P,140718,,232.2,232.6,236,0.009,,,-99.184,0.016,8.434,-0.494,-344.797,0.952,-1
,RUT 14T1360,Aug 1360 Puts,140416,16:00:00,1360,P,140815,,233.48,234.1,237.4,0.01,,,-98.27,0.033,23.338,-1.053,-445.288,0.929,-1
,RUT 14U1360,Sep 1360 Puts,140416,16:00:00,1360,P,140919,,236.67,232.2,243.3,0.005,,,-95.583,0.056,77.763,-3.677,-556.837,0.903,-1
,RUT 14X1360,Dec 1360 Puts,140416,16:00:00,1360,P,141219,0.182,243.85,239.4,250.2,0.004,,,-90.56,0.086,170.346,-5.482,-841.557,0.852,-1
,RUT 14S1370,Jul 1370 Puts,140416,16:00:00,1370,P,140718,,242.15,242.7,246.1,0.009,,,-99.349,0.01,5.668,-0.28,-347.851,0.958,-1
,RUT 14T1370,Aug 1370 Puts,140416,16:00:00,1370,P,140815,,243.34,243.9,247.3,0.009,,,-98.628,0.025,17.559,-0.69,-450.014,0.936,-1
,RUT 14R1380,Jun 1380 Puts,140416,16:00:00,1380,P,140620,,251.01,251.2,254.6,0.008,,,-99.747,0,0.01,-0.07,-245.571,0.984,-1
,RUT 14S1380,Jul 1380 Puts,140416,16:00:00,1380,P,140718,,252.12,252.5,255.9,0.008,,,-99.461,0.007,3.678,-0.13,-350.742,0.964,-1
,RUT 14T1380,Aug 1380 Puts,140416,16:00:00,1380,P,140815,,253.24,253.8,257.2,0.009,,,-98.9,0.018,12.9,-0.404,-454.405,0.943,-1
,RUT 14U1380,Sep 1380 Puts,140416,16:00:00,1380,P,140919,,255.8,251.8,262.6,0.005,,,-96.738,0.041,59.268,-2.602,-572.073,0.919,-1
,RUT 14X1380,Dec 1380 Puts,140416,16:00:00,1380,P,141219,0.185,261.95,258.1,269,0.006,,,-92.308,0.072,145.445,-4.976,-869.551,0.87,-1
,RUT 14S1390,Jul 1390 Puts,140416,16:00:00,1390,P,140718,,262.1,262.6,266,0.008,,,-99.533,0.004,2.299,-0.029,-353.514,0.969,-1
,RUT 14T1390,Aug 1390 Puts,140416,16:00:00,1390,P,140815,,263.16,263.7,267.1,0.009,,,-99.101,0.013,9.239,-0.184,-458.52,0.949,-1
